0  0  0  2  507085  61422  50  4  10  54  0  6415  8  18199  146899  33405  32  11171  0  0  0  1  13  321805  0  4  0  0  5  0  171700  9572  0  0  0  0  0  0  8358  10051  90  4  0  25  85  0  18822  427  52289  0  0  141969  115797  394  4  5  44  22  2  0  1  122749  210  95971  46  2640  918  339  135  136026  0  0  188  2  0  0  1  0  0  4  0  3  1  0  0  0  0  0  0  1  0  6  0  0  0  0  2  0  0  2  0  0  0  0  8  8  0  0  0  0  0  0  0  0  4  0  0  0  6  0  0  5  1  0  0  0  0  0  0  2  0  0  0  0  0  0  0  0  0  463  1  0  1  2  0  0  1  0  
0  0  0  1  5  6  0  1  1  4  0  9  0  2  1  0  0  1  602139  3  441606  125605  52  0  3  13  0  0  0  1  0  0  0  0  0  0  116572  23605  0  8  32  333042  0  2419  264  0  0  1  12  0  338938  9  8  1  198  10  157384  741  322570  83473  18277  0  0  0  41  4  1  59  2  0  0  14492  432  0  0  1  0  0  0  0  0  0  0  1  0  0  0  0  0  0  0  0  0  0  10  97  0  0  0  1  0  0  0  0  0  1  0  0  0  0  0  0  0  0  0  13  0  4  0  0  1  0  0  0  51  0  0  0  0  0  0  0  0  0  3  0  0  0  0  0  0  0  0  0  0  0  0  0  
0  0  0  0  0  1  1  18655  551  0  0  0  0  0  1  399692  0  3  0  0  0  0  0  0  0  0  124115  143074  199601  87634  0  0  0  0  0  0  0  0  0  0  0  0  0  1  260327  412549  1  1  17  0  0  2  1  46  1  2  1  0  0  0  0  0  0  0  0  15  78614  1  1065  0  96  0  0  0  0  0  3999  0  0  0  0  222  74  0  0  0  0  0  0  1005  0  0  0  0  0  0  0  0  0  0  1  0  12  1050  0  0  0  0  0  0  0  0  0  0  0  0  0  0  0  7621  0  0  0  0  0  0  0  0  0  2  0  0  0  0  0  0  0  0  0  0  0  0  0  0  98  0  0  0  
127  0  0  0  307  240  45  152  113  15  1  329407  4  393  34  39  3981  1310  13  14  0  11  13  3  65  302217  8  298295  109757  34  0  73  73094  1763  137  4008  0  0  19  3645  213682  34  0  188  192757  1  101  4129  387237  0  224  2530  215  420  1310  454  6154  1577  13  0  68  0  0  26  356  156  1528  106419  744  0  30  0  881  246  0  0  0  0  0  0  0  0  0  0  0  0  0  0  0  0  0  0  0  0  0  0  2  0  0  0  0  0  0  0  0  0  0  0  0  0  0  0  0  0  0  0  0  2  0  0  0  0  0  0  0  0  0  0  0  0  0  0  0  0  0  0  0  0  0  8  0  0  0  0  0  0  0  0  
415667  0  0  0  0  79319  26  1  1  3  0  2985  0  934  147116  343432  6  1207  0  0  0  0  1  1522  0  2  0  0  0  2  83634  411  0  0  0  0  0  0  189  2275  16  0  0  4  29  0  598  53  9324  0  1  16203  190070  175  1  4  10  3  0  0  0  40  5  11031  9  474  514  107  33  47019  0  0  11  0  0  0  0  0  0  8  1  2  0  0  0  0  0  0  0  16  0  0  0  0  0  0  0  0  0  0  0  0  0  0  18  1  0  0  0  0  0  0  0  0  1  0  0  0  2  0  0  0  0  0  0  0  0  0  0  0  0  0  0  0  0  0  0  0  0  53  0  0  1  7  0  0  0  0  
104982  0  0  5  82675  0  363052  3794  136  248  0  4728  0  4110  76000  717523  106  21412  0  0  2  1  54  20193  1  55  2  3  77  5  6939  208589  0  0  0  0  0  2  1837  2088  391  0  0  323  1104  2  18071  1262  51321  0  1  28785  19071  95869  50  42  39  57  4  0  6  145  77919  41966  30  343394  6767  549  1873  342470  19  0  1233  4  24  0  1  0  2  33529  451  66  52  3  0  0  0  0  0  6399  1  15  0  0  0  0  12  0  0  15  1  0  3  0  1290  337  0  0  0  0  0  0  2  0  37  0  0  0  104  8  4  14  5  0  0  0  8  1  0  26  0  0  0  0  0  0  4  5  0  74635  28  1  17  874  2  0  11  0  
376  0  0  65  769  626455  0  324334  91090  3  0  331  0  16  1577  736069  75  510  0  1  0  0  3  3  0  426  13  14  98  401  0  235  0  0  0  0  0  0  2  218  423  0  0  1856  4543  46  441  136  12027  0  5  15089  2886  100703  261  376  139  201  0  0  1  0  0  47  569  275478  26257  2669  7775  1  805  0  17  0  0  0  0  0  1  720  3290  7278  177  0  0  0  0  0  0  98  0  0  0  0  0  0  0  0  0  0  0  0  0  1  0  1  0  0  0  0  0  0  0  0  0  0  0  0  4  9  0  0  0  0  0  0  0  0  0  1  0  0  0  0  0  0  0  0  0  3933  2  0  0  0  4  0  0  0  
194  0  12889  822  549  24234  387874  0  332694  5  0  3021  0  23  154  509610  19  320  0  2  0  0  2  4  3  602  26  5721  39501  32  0  96  0  0  0  0  0  0  1  1976  337  0  0  274  67934  147940  119  258  5635  0  1  8350  737  129626  113  110  325  133  0  0  0  1  1  39  42  193426  7650  787  92781  1  3239  0  24  0  0  0  7  0  0  30  207  35582  3455  0  0  0  0  0  0  2388  0  0  0  0  0  0  0  0  0  1  0  0  0  69  0  0  0  0  0  0  0  0  0  0  0  0  0  0  4  3470  0  0  0  0  0  0  0  0  0  0  0  0  0  0  0  0  0  0  0  1080  1  0  2  0  229  0  0  0  
37  1  14  40  122  480  68553  174539  0  18036  5  293  0  3  26  2043  43  746  3  92  0  117  13  1  0  3842  213  1513  616  82552  0  45  0  0  0  0  0  0  1  221  1014  14  0  1466  28209  271688  8  189  1913  0  20  420  110  1185  4443  2197  1104  889  3  0  9  0  0  5  8495  209581  3866  58  1145  0  280878  0  90  0  0  0  3  0  0  2  5  790  17515  61  28  0  0  0  0  758  0  1  0  1  0  8  0  0  0  1  0  0  0  8023  0  0  0  0  0  0  0  0  0  0  0  0  0  0  3  217  0  0  0  0  0  0  0  0  0  1  0  0  0  0  0  0  0  0  68  5291  2  0  0  0  7090  0  0  0  
519  0  0  14  1755  557  155  2  13663  0  15  151  0  235  81  49  2292  19837  13  15  11  4339  11572  7  31  1029  16  66  275  86064  0  1320  3  1  16  0  0  10  1  56  67654  115  55  226353  2169  6  42  28110  17539  4  178  1595  581  160  11065  759  1128  582  31  0  29  0  20  56  7867  486232  5474  351  407  1  222  0  16880  292  121  2  110  48  244  143  485  67  910  1080  0  0  0  39  35  66  47  4047  67  4  32  27  7536  39  15  1045  49  0  13  25  1  656  0  0  30  9  0  0  40  0  15738  0  18  116  978  129  87  3479  3609  0  3  418  1303  163  0  10405  42  14  3  1  46  5  362  5  289  93231  2225  349  192  20  100  0  777  0  
0  3  0  0  0  0  0  0  3  14  0  0  0  0  0  0  0  2  12  992714  0  21885  3  0  7  0  76  0  0  132469  0  0  0  0  0  0  0  0  0  0  0  53081  0  1156722  35  1  0  0  10  0  8  4  0  0  3  96  317  266472  1  0  36  0  0  0  453711  4  1  108  0  0  24  0  92  0  0  0  0  0  0  0  0  0  1  5  469471  0  0  0  0  0  0  0  0  6189  0  47502  0  0  0  0  1  0  0  3719  0  0  0  0  0  0  0  0  0  0  0  95  0  10643  0  0  0  0  0  0  0  0  0  0  0  0  0  0  0  0  0  0  0  0  1149  29  0  0  0  0  3  0  0  0  
6953  0  0  440095  15389  14844  50  4  5  2  0  0  182  112870  2971  247  1217  12426  0  1  0  0  0  190  0  93  0  0  37416  3  0  502  16266  6240  2024  1  0  0  129  368244  479  1  1  12  8554  0  2169  3014  317862  0  0  263357  18161  707  1  4  53  16  1  0  0  28  4  1754  19  386  669  296364  92  6  0  0  7  0  0  0  0  0  0  0  0  1  2  0  0  0  0  0  0  0  0  0  0  0  0  0  0  1  0  0  0  0  0  0  0  0  0  0  0  0  0  0  0  0  1  0  0  0  1  0  0  0  0  0  0  0  0  0  0  0  0  0  0  0  0  0  0  0  0  41  1  0  0  0  0  0  0  0  
12  0  0  0  7  155  0  0  0  0  0  316  0  68070  0  1  0  346  0  0  0  0  1  169567  0  0  0  0  0  0  1  42  0  14  64  0  0  0  191898  117  0  0  21  0  0  0  87307  2  904  0  0  12  7  0  0  0  0  0  0  0  0  64693  11  14198  0  1  1  0  0  11  0  0  5  0  0  0  0  0  0  0  0  0  0  0  0  0  0  0  0  0  0  0  0  0  0  0  0  0  0  0  0  0  0  0  0  0  0  0  0  0  0  0  0  0  0  0  0  0  0  0  0  0  0  0  0  0  0  0  0  0  0  0  0  0  0  0  0  0  0  1  0  0  0  0  0  0  0  0  
14458  0  0  7  6603  9887  6  1  5  9  0  101283  58247  0  23341  89  6  1288  0  0  1  1  1  45974  0  5  0  0  21  2  4  1509  0  3  1  0  0  0  192749  263579  184  0  0  48  75  0  5624  15  87962  0  1  331137  6321  117  8  3  22  3  0  0  4  224785  14  38758  26  354  131  922  20  76  2  0  39  0  0  0  0  0  0  0  0  0  0  0  0  0  0  0  0  0  0  0  0  0  0  0  0  0  0  0  0  0  0  0  0  1  0  0  0  0  0  0  0  0  0  0  0  0  0  0  0  0  0  0  0  0  0  0  0  1  0  0  0  0  0  0  0  0  0  14  0  1  1  0  0  0  0  0  
214700  0  0  8  140897  71088  784  20  225  1  0  22332  0  50488  0  367145  4  752  0  1  0  1  0  45414  1  74  10  9  157693  0  0  186  0  0  0  0  0  0  13  518  35  1  0  7  3258  22  167  69  4152  0  1  1667939  1243737  932482  7  460  31  44  0  0  0  334779  3  228  12  2314  3376  232924  120875  67  411  0  4  0  0  0  0  0  0  3  0  1  0  0  0  0  0  0  0  1  0  0  0  0  0  0  0  0  0  0  0  0  0  0  0  3  0  0  0  0  0  0  0  0  0  0  0  0  2  0  0  0  0  0  0  0  0  0  0  1  0  0  0  0  0  0  0  0  0  35  1  0  0  0  0  0  0  0  
38669  0  272268  27  401136  618838  460743  492796  4188  14  0  407  0  71  406418  0  73  2670  0  2  0  1  17  1870  1  215  18  1031  79860  23  35679  10029  0  0  0  0  0  0  16  226  434  1  0  51  13787  26899  456  453  11623  0  0  4447  72819  1070662  36  151  155  304  2  0  0  3  0  1707  50  31593  35603  2290  167030  127282  92  0  151  0  0  0  495  0  1  2243  4013  15197  634  0  0  0  0  1  0  15524  0  3  0  0  0  0  3  0  0  3  0  0  19  48  2  359  0  0  0  0  0  0  0  0  3  0  0  0  7  3099  4  1  1  0  0  0  1  0  0  3  0  0  0  0  0  0  2  0  0  11150  1  0  0  179  119  0  3  0  
7  0  0  2709  12  136  14  67  134  770  2  576  5  2  6  168  0  436290  1  4  1  11  94703  244  7  555  8  31  2969  50  0  4057  14938  131  107579  219  5  68  1  7  59351  20  22755  426  22384  2  3776  437077  317623  1120  25  38  13  123  445  173  815  1652  197  3  41  0  920  3  365  1486  2503  30  11125  0  40  38  8789  83  1  1  1  0  0  4  4  1  13  34  0  0  0  0  0  2  0  17  0  0  8  11  73  1  0  22  0  0  1  0  0  58  0  0  0  0  1  0  0  0  74  0  1  26  17  2  0  76  20  0  1  1  2  0  0  42  0  0  0  0  5  0  1  0  0  128  47  2  5  1  1  0  17  0  
94  0  0  3583  44  1215  3  8  34  1396  0  12193  227  243  1  145  257643  0  2  1  13  22  134554  22985  2  62  0  5  155  48  1  48736  2766  255  22570  4  1  61  55  154  7160  49  8639  1474  242  0  310171  109388  484181  347  46  50  15  16  798  34  242  150  72  1  30  2  56208  915  227  1075  382  5  328  71  8  31  15462  144  0  0  2  1  1  6  8  3  14  62  0  0  0  0  0  2  0  19  2  0  18  14  130  1  0  43  0  0  1  1  0  103  0  0  0  0  0  0  0  0  126  0  1  45  39  1  1  124  14  0  1  0  1  1  0  61  2  0  0  0  12  0  3  0  0  271  79  3  6  1  3  0  19  0  
31  535635  0  8  65  58  10  1  1  2  0  55  0  7  4  1  1  6  0  59413  280  12013  3  0  200302  8  0  0  0  0  0  3  0  0  0  0  331  81342  0  31  27  502439  0  1714  2582  0  4  266  87  0  18361  90  50  36  84  19478  2174597  686955  436504  75  7924  0  0  3  1356  5  13  1893  3  0  0  9  506052  1  0  0  0  0  0  0  0  0  0  2  0  0  0  0  0  0  0  0  0  0  0  0  3  0  0  0  0  0  0  0  0  1  0  0  0  0  0  0  0  0  1  0  0  2  0  0  0  0  0  0  0  0  0  0  0  0  0  0  0  0  0  0  0  0  0  2  0  0  0  0  0  0  0  0  
15  5  0  1  37  24  5  0  143  13  950485  63  0  2  4  1  30  221  62341  0  0  1976  4  1  25396  238  99953  0  7  3411  0  7  0  0  0  0  0  0  0  38  521  75238  0  112064  180  1  1  74  492  0  50  80  36  5  1233  148221  7214  883893  18  0  693  0  1  2  276131  109  250  342  17  0  63  0  270  2  0  0  0  0  0  0  0  0  0  0  78412  0  0  0  0  0  0  0  0  333  0  0  0  0  0  0  0  0  0  15  0  0  0  0  0  0  0  0  0  0  0  1  0  35  0  0  0  0  1  0  0  0  0  0  0  0  0  0  0  0  0  0  0  0  0  2  0  0  0  0  0  0  0  0  
1  401400  0  0  1  2  1  0  1  56  0  1  0  0  0  0  9  28  5393  0  0  19304  49418  0  68  7  0  0  0  1  0  36  0  0  10  0  99705  9623  0  1  81  73  113  1494  104  0  0  99  31  375909  129499  4  0  4  333  61  177  10  32144  493673  645561  0  0  2  13  5  0  71  1  0  0  922  6222  3  0  5  0  0  0  1  1  0  3  16  0  0  0  0  0  0  1  5  0  0  136  18  40  0  1  7  0  0  0  0  0  58  0  0  0  0  0  0  0  0  50  15  0  10  1  0  1  67  4  0  90  0  4  0  0  11  0  0  0  0  157  0  4  0  0  7  2  0  0  2  2  0  2  0  
11  145711  0  1  26  13  1  3  92  9913  38353  18  0  8  2  1  4  45  2848  1422  17622  0  98847  0  1351  30  0  0  0  49433  0  56  0  0  12  0  26  2198  0  13  1700  431064  8  1088116  524  0  3  159  70  143  238590  44  26  13  2398  37  146598  40302  1881  138  1413290  0  2  1  12988  5073  13  85  12  0  5  91  9037  2  1  16  1  0  0  0  5  0  306  153  98419  0  0  0  0  0  0  5  0  3  175  29507  34  0  0  8  0  0  0  2111  0  22  0  0  0  0  0  0  0  0  18  105  1  8861  2  0  2  25  3  0  395  0  1  0  0  8  0  0  0  0  136  0  1  0  83  11222  6  0  1  0  45  0  4  0  
100  36  0  10  314  108  242  4  399  11705  4  52  0  38  18  13  97680  208604  37  1  37071  141979  0  267  553  276  2  3  99  1412  0  745  1  1  290587  0  3500  22262  2  30  28252  40  563177  164846  455  0  32  120187  5100  409645  959  321  105  58  9794  113  481  97  11332  6599  311526  0  283  6  5871  2214  464  229  386  0  194  4024  149312  11  0  4  1  1  0  2  6  0  8  69  0  0  0  0  0  0  3  21  0  0  336  41  170  0  0  26  1  0  0  0  0  139  0  0  0  0  0  0  0  0  149  17  0  59  8  2  0  287  24  0  195  1  0  0  0  40  0  0  0  0  424  0  7  1  0  52  23  0  1  0  1  0  14  0  
347607  0  0  9  5748  20164  6  1  3  117  0  962  197733  67429  29650  500  350  34031  0  0  1  0  742  0  0  1  0  0  5  1  347641  17741  6  726  26928  0  0  24  37326  1217  77  0  23823  18  28  0  289018  468  7625  0  0  16891  4060  52  3  3  14  9  1  0  1  365740  476808  818833  13  760  106  105  18  123704  2  0  572  1  0  0  0  0  0  2  2  1  0  1  0  0  0  0  0  10  0  0  0  0  2  0  3  159  0  3  0  0  0  0  2825  7  0  0  0  0  0  0  0  0  9  0  0  0  6  0  0  10  1  0  0  0  1  0  0  4  0  0  0  0  0  0  47  0  0  125  4  1  2  3  0  0  5  0  
67  12  0  5  263  129  31  10  2  25  6  81  0  36  18  11  5  72  131413  10351  227  302  450  0  0  177816  33464  1  1  1  0  13  0  1  0  0  2  245  1  60  49  51  0  1844  3507  0  30  152  725  6  1433  317  127  218  342739  658037  56295  28251  3069  77  1666  0  0  15  755  47  118  18927  35  0  0  4  1116497  0  0  0  0  0  0  0  0  1  0  0  0  0  0  0  0  0  0  0  0  0  0  1  1  0  0  0  0  0  0  0  0  1  0  0  0  0  0  0  0  0  0  0  0  0  0  0  0  0  0  0  0  0  0  0  0  0  0  0  0  0  0  0  0  0  0  3  0  0  0  0  0  0  0  0  
68  5  0  226640  148  97  160  107  2450  138  8  210  0  58  18  35  437  1406  8  28  0  379  59  3  151382  0  574  70857  121  607  0  111  5325  71437  0  244894  0  862  2  257  546587  11  0  3358  76473  6  33  433  8453  0  130  536  77  583  319903  136761  1773  1955  8  4  715  2  0  11  3713  5480  773232  11285  1829  0  697  1  94583  7728  0  0  0  0  0  0  0  0  2  0  0  0  0  0  0  0  0  1  0  0  0  0  2  0  0  2  0  0  0  0  0  0  0  0  0  0  0  0  0  0  6  0  0  0  2  0  0  5  2  0  0  0  0  0  0  11  0  0  0  0  0  0  1  0  0  15  3  0  0  0  0  0  1  0  
3  0  90405  3  12  13  12  56  760  11  136  11  0  0  4  50  17  364  1  138026  0  1  6  0  24525  14423  0  162  944  1010281  0  27  1  0  0  0  0  0  0  12  741  1  0  307  643  10761  0  143  750  0  4  22  5  78  1615  1387742  103  390  0  0  0  0  0  1  234247  784  365393  14  1445  0  157573  0  47  0  0  0  4  0  0  0  1  0  0  0  59  0  0  0  0  0  0  0  0  11  0  0  0  0  0  0  39  0  0  1312  0  0  0  0  0  0  0  0  0  0  2  0  0  0  0  1  0  0  0  0  0  0  0  0  0  1  0  0  0  0  0  0  0  0  2  3  1  0  0  0  0  0  0  0  
1  0  121430  269025  2  12  10  20  30  0  0  5  0  0  1  12  5  55  0  0  0  0  0  0  1  83840  151  0  128780  4  0  1  0  0  0  0  0  0  0  6  143  0  0  53  856331  126905  0  17  262  0  3  43  1  25  88  71  37  41  1  0  1  0  0  0  14  50  760425  58  89  0  165  0  14  0  0  0  0  0  0  0  0  0  0  0  0  0  0  0  0  0  0  0  0  0  0  0  0  0  0  0  0  0  0  0  0  0  0  0  0  0  0  0  0  0  0  0  0  0  0  0  0  0  0  0  0  0  0  0  0  0  0  0  0  0  0  0  0  0  0  1  0  0  0  0  0  0  0  0  
28  0  219716  110716  57  163  135  84831  2128  135  0  29105  0  46  97474  133220  12237  5137  1  0  0  3  52  1  1  712  49  104895  0  108  0  1691  0  1  0  0  0  0  0  201  2863  3  0  1133  1129985  30082  59  5627  20379  0  3  4007  134  6755  349  96  286  483  1  0  1  0  7  2  168  7692  16457  505460  856294  0  653  0  162  0  0  0  0  0  0  0  2  1  5  1  0  0  0  0  0  0  0  3  0  0  0  0  2  0  0  1  0  0  0  0  0  7  0  0  0  0  0  0  0  0  14  0  0  1  9  0  0  5  1  0  0  0  0  0  0  6  0  0  0  0  0  0  0  0  0  34  15  0  2  0  0  0  1  0  
46  2  78922  39  169  141  117  45  77114  86428  103866  385  0  12  20  32  50  568  5  3687  0  76250  16  0  7  837  826562  20  560  0  0  34  1  0  0  0  0  0  0  294  904  74  0  125639  1262  238350  10  177  1236  0  33  418  147  83  5210  29395  2166  1508  5  0  21  0  0  6  543548  94434  37916  94  613  0  580195  0  215  1  0  0  42  0  0  0  1  8  6666  297  26169  0  0  0  0  2  0  1  0  2330  0  390  4  0  0  0  101  0  0  58281  0  0  0  0  0  0  0  0  0  0  5  0  0  14  0  22  0  2  1  0  0  0  0  0  0  1  0  0  0  0  0  0  0  0  8407  3021  1  0  0  0  4988  0  0  0  
121550  0  0  0  90231  22152  0  0  0  1  0  0  0  0  0  33667  0  52  0  0  0  0  0  258558  0  0  0  0  0  0  0  51805  0  0  0  0  0  0  4  0  2  0  0  0  0  0  86  3  35  0  0  0  0  0  0  0  0  0  0  0  0  0  327268  9089  0  0  0  0  0  286221  0  0  13  0  1124  0  0  0  0  334  0  0  0  0  0  0  0  0  0  5079  0  0  0  0  0  0  0  8549  0  0  0  0  0  0  64927  29  0  0  0  0  0  0  0  0  0  0  0  0  0  0  0  0  0  0  0  0  0  0  0  0  0  0  0  0  0  0  1736  0  0  0  0  0  0  1340  0  0  0  0  
1572  0  0  1  191  183213  7  2  14  483  0  17  2  248  8  9797  308  118101  1  0  34  6  796  808  0  16  0  0  150  17  39293  0  0  0  2  0  0  30  467  10  1756  11  0  318  117  0  17597  2335  43033  3  4  175  81  7  211  5  48  43  66  1  30  68  162888  9063  88  106403  76  14  125  135463  4  0  10817  5  51  0  23  9  10  4670  22  9  111  15  0  2  0  4  1  1255  12  124  2  0  22  2  159  6  0  875  3  0  1  4  413  15822  0  0  3  2  0  0  4  0  573  0  4  8  66  19  56  289  157  0  12  13  47  14  0  207  7  0  0  1  36  0  48  13  6  11334  143  12  19  1199  9  0  975  0  
0  0  0  58216  0  0  0  0  5  10  0  7867  0  0  0  0  16364  1976  0  0  0  0  7  1  0  4224  0  0  1  0  0  13  0  201005  30813  28522  0  3  0  0  60472  0  0  175  3  0  17  289756  3761  0  0  0  0  0  58  4  0  3  0  0  0  0  0  0  7  15  3  0  3  0  0  0  26438  367696  0  0  0  0  0  0  0  0  0  0  0  0  0  0  0  0  0  0  0  0  0  0  0  0  0  0  0  0  0  0  0  0  0  0  0  0  0  0  0  0  1  0  0  0  0  0  0  0  0  0  0  0  0  0  0  1  0  0  0  0  0  0  0  0  0  3  0  0  0  0  0  0  0  0  
0  0  0  3653  0  0  0  0  0  1  0  7795  9  7  0  0  60  184  0  0  0  0  2  6103  12  77806  0  0  2  0  0  0  279884  0  397637  341113  242  376903  0  5  25456  0  148655  1  0  0  253  125332  82  7  0  0  0  0  36  0  0  0  3  0  0  0  0  8  0  0  0  0  0  0  0  306  683715  144149  0  0  0  0  0  0  0  0  0  0  0  0  0  0  0  0  0  0  0  0  0  0  0  0  0  0  0  0  0  0  0  0  0  0  0  0  0  0  0  0  0  0  0  0  0  0  0  0  0  0  0  0  0  0  0  0  0  0  0  0  0  0  0  0  0  0  0  0  0  0  0  0  0  0  
0  7  0  270  0  1  1  0  0  96  0  3297  9  2  0  0  78473  40514  3  0  23  81  306726  9302  5  4  0  1  0  2  0  41  42068  400346  0  3  6832  112007  0  4  233  3  436002  1019  3  0  643  407858  618  10231  97  0  0  1  80  1  9  0  5976  776  1762  0  16  154  5  149  3  1  1  0  0  80657  365771  13  0  0  0  0  0  0  0  0  3  10  0  0  0  0  0  0  0  3  0  0  3  1  13  0  0  2  0  0  0  0  0  8  0  0  0  0  0  0  0  0  13  0  0  9  0  0  1  19  2  0  0  0  0  0  0  7  0  0  0  0  2  0  0  0  1  9  5  0  0  0  0  0  1  0  
0  0  0  872  0  0  0  0  0  1  0  0  0  0  0  0  192  7  0  0  0  0  0  0  0  348638  0  0  0  0  0  0  32325  395515  1  0  0  134  0  0  126758  0  0  0  0  0  0  20450  180  0  0  0  0  0  923  0  0  0  0  0  0  0  0  0  0  0  0  0  0  0  0  0  44964  188546  0  0  0  0  0  0  0  0  0  0  0  0  0  0  0  0  0  0  0  0  0  0  0  0  0  0  0  0  0  0  0  0  0  0  0  0  0  0  0  0  0  0  0  0  0  0  0  0  0  0  0  0  0  0  0  0  0  0  0  0  0  0  0  0  0  0  0  0  0  0  0  0  0  0  
0  93119  0  0  1  0  0  0  0  5  0  0  0  0  0  0  10  11  98  0  112556  122  2404  0  9  0  0  0  0  0  0  0  0  7  3575  0  0  588053  0  0  5  0  157993  1694  13  0  0  1570  0  616615  57  2  0  1  47  10  14  2  72406  649769  2681  0  0  0  0  0  1  5  2  0  0  1217425  14932  0  0  0  0  0  0  0  0  0  0  0  0  0  0  0  0  0  0  0  0  0  0  0  0  0  0  0  0  0  0  0  0  0  0  0  0  0  0  0  0  0  0  0  0  0  0  0  0  0  0  0  0  0  0  0  0  0  0  0  0  0  0  0  0  0  0  0  0  0  0  0  0  0  0  0  
9  14859  0  4  33  6  5  7  7  178  0  5  0  5  1  1  70  67  80567  1  1405  2898  12881  26  367  257  0  0  1  4  0  6  2  281219  53136  6  506325  0  0  3  441  42  173694  26849  314  0  1  7860  49  49044  1448  36  8  8  1269  86  1813  100  372100  52354  37272  0  1  3  30  9  4  90  8  0  3  1011655  1769390  52  0  0  0  0  0  0  0  0  0  0  0  0  0  0  0  0  0  0  0  0  0  0  2  0  0  0  0  0  0  0  0  0  0  0  0  0  0  0  0  0  2  0  0  0  0  0  0  0  0  0  0  0  0  0  0  0  0  0  0  0  0  0  0  0  0  0  0  0  0  0  0  0  0  0  
9257  0  0  1  1696  19953  0  1  2  119  0  682  172478  244530  73  121  12  1895  0  0  1  1  12  41430  0  1  0  0  4  3  156  8367  0  0  0  0  0  0  0  17357  64  0  0  13  10  0  91524  60  96375  0  3  11732  1611  26  1  2  5  3  0  0  1  15524  331  118854  8  588  63  201  9  1027  0  1  531  0  0  0  0  0  0  0  0  2  0  1  0  0  0  0  0  0  0  0  0  0  0  0  4  0  0  0  0  0  0  0  0  5  0  0  0  0  0  0  0  0  8  0  0  0  10  0  0  5  1  0  1  0  0  1  0  3  0  0  0  0  0  0  0  0  0  50  4  0  1  0  0  0  5  0  
2487  0  0  302  6073  2905  17  1  0  0  0  374750  856  365113  415  127  6  939  0  0  0  0  0  117  0  68  0  0  26  0  0  286  0  2  1  0  0  0  3062  0  205  0  0  2  146  0  540  19  170580  0  0  22299  5973  551  2  3  11  11  0  0  0  29  1  756  1  163  668  47842  193  9  0  0  4  0  0  0  0  0  0  0  0  0  0  0  0  0  0  0  0  0  0  0  0  0  0  0  1  0  0  0  0  0  0  0  0  0  0  0  0  0  0  0  0  0  0  0  0  0  0  0  0  0  0  0  0  0  0  0  0  0  0  0  0  0  0  0  0  0  0  23  0  0  0  0  0  0  0  0  
4354  11  0  151869  11986  3231  226  149  718  43211  2  1053  0  2422  561  217  39254  64602  26  47  5  1241  2126  97  60  460561  64  1609  1441  489  0  2382  52972  23652  5  132439  0  7  85  2220  0  48  9  96665  59806  9  287  286308  318594  4  206  15460  3695  2799  108640  1018  3963  13456  42  15  3117  8  35  376  4457  28308  98154  5189  3771  0  169  0  65783  80920  1  0  4  0  2  3  14  11  47  221  0  1  0  0  1  5  1  31  1  0  16  20  206  1  0  51  2  0  2  0  0  97  0  0  0  0  0  0  0  0  258  0  0  74  25  2  1  218  34  0  3  0  2  4  0  132  0  0  0  0  25  0  3  0  6  949  91  1  8  2  5  0  25  0  
15  464368  0  0  23  20  0  1  0  0  49072  27  0  3  0  0  0  2  403454  95300  49  488153  0  0  0  0  0  0  0  0  0  1  0  0  0  0  0  1  0  17  1  0  0  280198  908  0  2  7  14  0  11821  26  10  4  0  2  645055  42797  1774  0  6905  0  0  2  161  0  3  14  0  0  0  0  8  0  0  0  0  0  0  0  0  0  0  0  41291  0  0  0  0  0  0  0  0  16  0  74  0  0  0  0  0  0  0  0  0  0  0  0  0  0  0  0  0  0  0  310  0  46  0  0  0  0  0  0  0  0  0  0  0  0  0  0  0  0  0  0  0  0  0  0  0  0  0  0  0  0  0  0  
0  10  0  0  0  2  0  0  2  75  0  10  1  0  0  2  8743  7708  6  0  34  56  592332  3865  13  0  0  0  0  2  0  21  1  149282  332786  0  152823  275642  0  0  200  2  0  483  18  0  95  55376  881  133715  290  0  0  0  96  9  16  2  3857  481  1161  0  7  129  4  103  3  2  0  0  0  112902  69539  5  0  0  0  1  0  0  1  1  1  3  0  0  0  0  0  0  0  0  0  0  1  3  9  0  0  1  0  0  0  0  0  2  0  0  0  0  0  0  0  0  10  0  0  3  1  0  0  12  1  0  0  1  0  0  0  4  0  0  0  0  1  0  0  0  0  10  1  0  1  0  0  0  2  0  
6106  6194  0  121  18998  7237  2142  174  1452  142760  1059983  2589  0  2644  1071  95  148  3548  5309  156468  129  948759  133577  110  2641  4752  14  8  987  114319  0  618  6  0  24  0  106  3968  46  1396  101497  279708  18  0  28010  2  737  2799  11473  263  21609  18266  7165  1991  43290  2326  89246  434166  7906  354  169177  13  4  646  437717  28675  3548  5168  3507  1  155  205  39726  10  0  0  0  1  0  0  3  0  45  32  15832  0  0  0  1  0  0  11  0  1  23  7182  56  2  0  36  0  0  0  770  0  39  0  0  0  0  0  0  0  0  68  20  0  3299  3  1  2  60  8  0  7  1  2  1  0  37  0  0  0  0  10  0  2  1  160  923  28  0  1  1  1  0  6  0  
382  10  206693  264675  1077  1390  4080  89046  41648  301  1  3107  0  177  440  28334  6990  8273  37  38  2  33  96  9  81  86154  736  853964  923648  785  0  2319  0  0  0  0  0  2  5  1213  10502  91  0  6408  0  365914  754  5161  84601  1  272  7192  1332  7043  4924  6950  8478  5489  34  0  119  1  10  63  2723  23094  613240  176967  382955  0  6156  0  1407  1  0  0  1  0  1  0  5  3  4  0  0  0  0  0  0  1  0  3  0  0  0  0  5  0  0  4  0  0  2  0  0  7  0  0  0  0  0  0  0  0  17  0  0  0  6  1  0  17  4  0  0  0  1  0  0  13  0  0  0  0  0  0  0  0  0  106  14  0  6  0  0  0  2  0  
3  0  295392  0  3  40  311  203929  257190  0  0  3  0  0  2  19503  1  11  0  0  0  0  0  0  0  146  9064  54260  3975  245310  0  2  0  0  0  0  0  0  0  1  13  0  0  14  253283  0  0  4  125  0  0  66  8  499  10  51  6  11  0  0  0  0  0  0  11  648  66392  4  276  0  184470  0  3  0  0  0  120  0  0  0  0  229  2156  0  0  0  0  0  0  960  0  0  0  1  0  0  0  0  0  0  0  0  0  823  0  0  0  0  0  0  0  0  0  0  0  0  0  0  0  2407  0  0  0  0  0  0  0  0  0  0  0  0  0  0  0  0  0  0  0  2  0  0  0  0  3253  0  0  0  
17902  0  0  26  1640  39480  7  1  6  1322  0  2564  107945  7810  68  127  175  222183  1  0  20  2  241  210369  3  13  0  0  29  16  166  68587  14  156  523  0  0  7  100598  895  1035  3  65  174  32  0  0  773  81763  1  5  8721  1665  67  133  4  31  23  32  0  18  4650  19208  227570  41  558  555  49  100  2442  2  0  8992  10  0  1  1  0  0  6  8  6  11  5  0  0  0  0  0  0  1  20  0  0  9  3  36  0  0  24  1  0  0  0  0  62  0  0  0  0  0  0  0  0  107  0  0  2  52  1  0  85  11  0  3  1  1  2  0  38  0  0  0  0  16  0  0  0  1  171  52  5  7  1  2  0  23  0  
83  5  1  2897  288  306  23  30  305  8438  1  574  4  35  29  194  384732  173263  23  17  44  165  65222  655  120  490  29  447  3571  171  0  6309  243074  45497  427409  7325  6676  26599  5  57  230835  196  109156  15959  14737  3  4292  0  156248  13194  351  424  119  68  12671  439  1736  2030  6523  236  923  0  5357  17  1090  5940  8986  137  7414  1  95  18214  817227  99904  3  0  6  4  2  11  31  7  43  113  0  0  0  0  0  1  4  57  1  0  48  23  319  1  0  112  3  0  0  0  1  286  0  0  1  0  0  0  0  0  363  1  3  83  65  5  6  316  59  0  5  2  8  9  0  260  0  0  0  0  44  0  8  1  7  703  175  8  21  1  8  0  57  0  
51342  2  3  348013  47615  40814  1163  2994  1274  1853  15  261682  918  139973  3988  8770  166282  332752  43  43  3  11  1799  4552  190  5644  259  81  5487  277  1  53874  5807  36  85  19  0  9  92494  253516  303484  26  104  6412  82380  14  102562  64211  0  16  46  132919  55787  48064  1774  4033  28967  35806  33  0  65  1884  521  18601  6344  14613  99667  186707  45432  57  445  0  6059  62  2  0  0  0  2  5  11  5  16  17  0  0  0  0  0  3  0  24  0  0  2  5  36  0  0  16  1  0  1  0  0  75  0  0  0  0  0  0  0  0  47  0  1  13  31  0  3  33  16  0  2  0  2  1  0  35  0  0  0  0  3  0  7  0  1  2434  44  1  8  4  1  0  13  0  
1  83  0  0  4  2  1  1  0  37  0  2  0  2  0  0  1841  213  43  0  350651  195  407095  0  54  3  0  0  0  0  0  13  0  5  17764  0  462107  80016  0  1  27  19  189763  1588  69  0  2  27815  19  0  2577  4  1  1  96  48  47  3  27765  286346  88661  0  0  0  6  6  4  25  0  0  1  179100  146843  0  0  0  0  0  0  0  0  0  0  0  0  0  0  0  0  0  0  0  0  0  0  0  1  0  0  0  0  0  0  0  0  1  0  0  0  0  0  0  0  0  1  0  0  0  0  0  0  1  0  0  0  0  0  0  0  0  0  0  0  0  0  0  0  0  0  1  1  0  0  0  0  0  0  0  
14  317639  0  5  51  29  4  6  0  3  0  11  0  7  4  0  0  1  35969  1  66963  162665  12  0  12  11  0  0  0  0  0  1  0  0  0  0  0  97  0  9  71  12882  0  17533  1449  0  3  21  49  0  0  56  22  19  121  10  19790  273  58653  3045  240764  1  0  4  9  14  8  101  9  0  1  2  484  0  0  1  0  0  0  0  0  0  0  1  0  0  0  0  0  0  0  0  0  0  4  8  1  0  0  0  0  0  0  0  0  1  0  0  0  0  0  0  0  0  0  1  0  1  0  0  0  0  0  0  10  0  0  0  0  0  0  0  0  0  1  0  0  0  0  0  0  0  0  0  0  0  0  0  
194564  0  0  153  79460  60799  1206  645  56  20  0  331281  16  443073  1132732  2843  68  5284  1  2  0  2  9  9216  10  216  16  6  13198  9  4  3162  0  0  0  0  0  0  5920  65875  474  5  0  135  1950  3  16105  272  85442  0  5  0  465032  195091  140  351  471  739  2  0  9  114216  25  17588  167  4068  22793  303394  12194  72  29  0  143  1  0  0  0  0  0  3  2  1  4  0  0  0  0  0  0  2  0  1  0  0  0  0  3  0  0  2  0  0  0  0  0  7  0  0  0  0  0  0  0  0  3  0  0  0  6  0  0  1  0  0  0  0  0  0  0  2  0  0  0  0  0  0  0  0  1  294  6  0  2  0  0  0  1  0  
95766  1  0  1  270807  28629  647  9  24  2  0  10302  1  4406  1316070  57101  33  4767  0  0  0  1  7  766  0  38  2  4  14  4  0  1263  0  0  0  0  0  1  1320  4165  152  1  0  62  309  0  2364  335  36920  0  1  598601  0  94422  9  37  63  67  0  0  2  290  14  2499  42  6303  10661  756  468  7  0  0  17  0  1  0  0  0  0  3  4  6  1  0  0  0  0  0  0  3  0  3  0  0  0  0  1  0  0  2  0  0  0  0  0  3  0  0  0  0  0  0  0  0  1  0  0  0  11  0  0  0  0  0  0  0  0  0  0  1  0  0  0  0  0  0  1  0  0  237  2  0  2  1  0  0  1  0  
3950  1  0  545  6084  175133  107695  152779  1990  6  0  4715  0  313  771782  1123675  126  2115  2  3  0  0  7  65  7  2486  46  54  1947  20  0  911  0  0  0  0  0  0  31  2918  1211  0  0  203  33055  127  1646  673  51422  0  1  377883  136372  0  122  904  325  927  0  0  0  10  5  739  114  19564  127805  221677  282678  2  333  0  44  0  0  0  0  0  0  3  1  5  3  0  0  0  0  0  0  2  0  2  0  0  0  0  3  0  0  1  0  0  0  0  0  3  0  0  0  0  0  0  0  0  3  0  0  0  26  0  1  0  1  0  0  0  0  1  0  4  0  0  0  0  0  0  1  0  0  227  2  0  7  0  0  0  1  0  
77  41  0  38  226  177  364  32  4015  4097  84  106  0  42  12  10  60  1828  84  234  15  1565  4872  1  210564  350369  341  2  167  3238  0  66  1  35  0  569  1  39  2  75  78737  74  0  50800  3514  2  18  1410  6849  17  120  464  127  125  0  56479  17423  27247  82  67  2098  0  2  7  20821  6930  25253  5361  463  1  588  1  381315  3  1  0  0  0  0  0  0  0  2  4  0  0  0  0  0  0  0  1  0  0  5  2  6  0  0  3  0  0  0  0  0  2  0  0  0  0  0  0  0  0  7  0  0  1  0  0  0  9  2  0  2  0  0  0  0  1  0  0  0  0  3  0  0  0  0  25  1  0  0  0  0  0  1  0  
104  38  0  108  303  386  299  66  6857  374  492  524  0  18  45  171  782  7664  14569  209761  232  163  196  3  621445  167895  1348187  54  5619  31982  0  1134  4  0  0  0  1  50  0  361  12702  199  0  6688  14076  42  37  5932  20238  0  2478  933  278  681  170519  0  36022  141072  3148  65  1191  0  3  14  221006  12132  388729  42046  14754  0  277129  5  120190  5  0  0  0  0  0  0  4  5  0  8  0  0  0  0  0  0  0  3  0  0  2  1  22  1  0  6  0  0  0  0  0  8  0  0  0  0  0  0  0  0  16  0  0  5  16  0  0  15  2  0  0  0  0  0  0  11  0  0  0  0  0  0  0  0  1  95  12  0  4  0  0  0  4  0  
43  281652  0  34  159  110  31  3  18  31  431  193  0  14  18  10  6  83  1894941  6801  58  146870  14  0  81691  39  0  0  0  7  0  23  0  0  0  1  0  212  1  128  112  687800  0  39275  10676  0  19  1372  1167  0  19057  477  111  221  388  29871  0  246290  181067  16  38843  0  0  5  13588  41  81  26563  24  0  10  1  124521  15  0  0  1  0  0  1  0  0  0  4  0  0  0  0  0  0  0  0  0  0  0  0  7  0  0  3  0  0  0  0  0  4  0  0  0  0  0  0  0  0  3  0  0  1  0  0  0  10  0  0  0  0  1  0  0  3  0  0  0  0  0  0  0  0  0  11  1  0  0  0  0  0  1  0  
69  2019  0  23  219  181  31  1  67  27  288119  349  0  16  23  6  36  153  676776  885192  28  15546  4  4  48619  64  28  0  2  13  0  19  0  0  0  0  1  3  0  256  149  149617  0  182403  10587  0  20  366  1165  0  463  484  151  170  807  137762  292237  0  13425  5  3869  0  0  11  114582  58  156  17454  23  0  10  0  18987  1  0  0  0  0  0  0  0  0  0  0  0  0  0  0  0  0  0  0  0  0  0  1  1  0  0  1  0  0  0  0  0  1  0  0  0  0  0  0  0  0  5  0  0  0  0  0  0  4  0  0  0  0  0  0  0  1  0  0  0  0  1  0  0  0  0  3  0  0  0  0  0  0  1  0  
137  429828  0  51  413  201  15  23  6  259  0  169  0  61  22  7  14  49  386996  47  9296  25913  1023  2  9178  368  2  0  0  1  0  15  0  0  12  0  98195  389989  0  124  1186  67748  87  21966  10085  0  39  567  494  178  147959  449  211  128  2293  3235  116220  11045  0  150938  92154  0  0  18  268  58  78  3228  68  0  2  74484  213987  2  0  0  0  0  0  0  0  0  0  0  0  0  0  0  0  0  0  0  0  0  0  0  0  0  0  0  0  0  0  0  0  1  0  0  0  0  0  0  0  0  0  0  0  0  0  0  0  0  0  0  0  0  0  0  0  0  0  0  0  0  1  0  0  0  0  2  0  0  0  0  0  0  0  0  
2  105653  0  2  16  6  0  2  1  66  0  7  0  5  3  0  13  8  3169  4  490734  440  4773  0  372  29  0  0  0  1  0  1  0  0  182  0  452167  145019  0  6  92  130  1006  6482  574  0  0  244  27  393148  27344  17  8  16  2569  350  510  79  167550  0  110725  0  0  3  60  5  7  285  8  0  0  395824  39398  0  0  0  0  0  0  0  0  0  0  0  0  0  0  0  0  0  0  0  0  0  0  0  0  0  0  0  0  0  0  0  0  0  0  0  0  0  0  0  0  0  0  0  0  0  0  0  0  0  0  0  0  0  0  0  0  0  0  0  0  0  0  0  0  0  0  0  0  0  0  0  0  0  0  0  
159  22001  0  63  500  184  29  83  8  676  1087  98  0  73  36  15  121  149  10381  644  684103  1169420  327294  3  3436  585  0  0  3  3  0  56  0  0  326  0  5180  119034  1  64  1977  20209  4469  185491  11836  0  50  899  1016  130193  326216  512  189  323  17247  1185  80300  6096  116648  63687  0  0  3  24  749  114  137  4007  163  0  0  6869  95932  3  0  3  0  0  0  0  3  0  1  33  0  0  0  0  0  0  0  4  0  0  265  92  71  0  0  9  0  0  0  0  0  45  0  0  0  0  0  0  0  0  69  11  1  17  2  1  0  106  6  0  109  0  1  1  0  22  0  0  0  0  294  0  1  0  0  28  2  1  0  0  0  0  0  0  
177220  0  0  0  552  1331  0  0  0  1  0  103  40991  226180  205865  29  2  256  0  0  0  0  0  311143  0  0  0  0  0  0  0  743  0  0  0  0  0  0  9198  168  5  0  0  1  1  0  2692  8  4456  0  0  147135  1195  14  0  1  0  0  0  0  0  0  10  106644  2  57  30  27  1  21  0  0  12  0  0  0  0  0  0  0  0  0  0  0  0  0  0  0  0  0  0  0  0  0  0  0  0  0  0  0  0  0  0  0  0  0  0  0  0  0  0  0  0  0  0  0  0  0  1  0  0  0  0  0  0  0  0  0  0  0  0  0  0  0  0  0  0  0  0  9  2  0  0  0  0  0  0  0  
58  0  0  0  14  107708  0  0  1  192  0  0  16  22  0  4  193  109331  0  0  8  1  1359  492617  0  3  0  0  3  0  344479  212552  0  2  46  0  0  3  603  1  213  1  15  38  5  0  25970  2561  621  0  1  16  4  0  27  0  2  1  3  0  7  5  0  51279  10  23  3  1  6  156390  0  0  1195  2  0  0  0  0  0  0  1  2  1  5  0  0  0  0  0  0  0  4  0  0  4  0  6  40  0  3  0  0  0  0  50  23  0  0  0  0  0  0  0  0  16  0  0  2  6  0  1  18  2  0  0  0  0  0  0  9  0  0  0  0  6  0  3  0  0  10  5  0  0  1  0  0  2  0  
65963  0  0  2  10565  78279  3  0  2  649  0  365  20510  75710  115  1984  59  21913  0  0  1  0  69  803824  0  3  0  0  16  6  3868  65200  0  0  368  0  0  2  167412  547  287  1  102  44  26  0  221055  606  19623  0  0  7382  2146  56  30  3  20  13  10  0  4  83917  43062  0  29  2983  218  63  41  47634  2  0  3254  3  0  0  2  0  0  6  4  7  5  2  0  0  0  0  1  0  0  13  0  0  2  0  21  1  0  9  0  0  0  0  0  30  0  0  0  0  0  0  1  0  55  0  0  2  50  2  2  36  9  0  1  0  0  1  0  27  0  1  0  0  4  0  4  0  1  495  30  0  1  2  1  0  11  0  
1015  256  0  96  3082  2339  232  24  13756  320  542291  3541  0  239  337  54  488  14840  2737  706333  63  15281  276  18  1260  14145  306190  29  1800  654142  0  538  17  0  3  0  1  18  7  2596  17635  11534  0  449138  26741  5  203  3257  25194  1  4507  5124  2554  273  41376  206913  145864  437311  1438  21  2497  2  2  164  0  19547  14910  12085  2734  1  69878  1  12661  10  0  0  0  0  0  1  5  2  7  7  3740  0  0  0  0  3  0  1  0  1518  2  2  9  1  0  7  0  0  0  605  0  10  0  0  0  0  0  0  0  0  19  0  0  6  16  0  0  15  1  0  0  0  1  0  0  10  0  0  0  0  0  0  0  0  34  68  8  0  1  0  2  0  5  0  
818  1  2  79  1065  462241  578820  190356  351360  401357  2  442  0  73  358  25146  2030  38652  6  23  1  1185  571  161  5  2896  19  224  1758  67686  0  149060  2  0  7  0  0  3  45  288  39767  31  54  89568  9770  120  1210  16435  49509  3  25  2193  1456  1708  7665  1022  1489  1981  26  0  24  8  34  2145  25882  0  15022  1025  3855  36  479  0  7676  75  470  1  31  13  134  37338  1539  3973  25864  1081  0  1  3  12  10  126  6  760  19  1  5  6  622  21  5  453  17  0  10  24  18  5504  0  0  1  0  0  0  33  0  2305  0  1  37  1414  48  132  543  706  0  2  88  315  70  0  2430  8  2  0  0  15  0  168  94  71  414593  1474  53  112  313  511  0  215  1  
202  2  73482  1602  362  949  3043  565  11019  122  62  325  0  16  693  1366  1111  10448  8  835  0  18  145  5  193  1011199  318072  573906  14769  37253  0  613  5  0  0  3  0  1  0  231  34894  40  0  9433  449576  148991  69  3575  31184  1  89  2421  2248  3705  61477  489154  1906  22195  10  0  29  0  3  40  24361  30953  0  15061  33657  0  180816  0  1286  1  0  0  0  0  0  0  1  3  8  0  0  0  0  0  0  1  0  2  0  0  0  0  1  0  0  1  0  0  0  1  0  0  0  0  0  0  0  0  0  0  7  0  0  0  21  1  0  5  2  0  0  0  0  0  0  11  0  0  0  0  0  0  0  0  0  103  5  0  6  0  1  0  2  0  
1456  1  0  166145  2929  4879  559  85  178  13  0  232499  0  1120  238540  938  80  3168  9  20  0  8  5  48  122  2235  56  7  452889  8  2  2188  0  0  0  0  0  0  31  19565  654  18  0  95  340986  13  10261  102  164868  0  27  390748  8536  180801  1110  1657  2517  2397  13  0  48  7  12  306  493  2681  50026  0  61099  9  261  0  278  0  0  0  0  0  0  4  1  1  1  0  0  0  0  0  0  0  0  2  0  0  0  0  2  1  0  0  0  0  0  0  0  1  0  0  0  0  0  0  0  0  2  0  0  0  3  0  0  1  1  0  0  0  0  0  0  0  0  0  0  0  0  0  3  1  1  342  1  0  1  0  0  0  0  0  
190  1  779  1579  463  2505  23690  93699  6168  58  0  3789  0  48  109337  180355  7737  5202  2  7  0  2  48  1  30  4146  273  393  642618  385  0  1828  0  0  2  0  0  0  4  2546  2380  2  0  549  300082  2036  274  4814  60654  0  13  23437  973  293564  502  4269  3919  2941  3  0  6  0  4  31  431  15809  26682  53457  0  0  10873  0  299  0  0  0  0  0  0  0  2  1  2  2  0  0  0  0  0  0  0  0  0  0  0  0  6  0  0  2  0  0  0  0  0  2  0  0  0  0  0  0  0  0  3  0  0  0  4  0  0  4  1  0  0  0  0  0  0  1  0  0  0  0  0  0  1  0  0  72  8  0  3  0  0  0  1  0  
127416  0  0  0  31981  338522  0  0  0  84  0  3  1  75  26  96632  7  1478  0  0  0  0  13  121543  0  2  0  0  0  0  269090  154457  0  0  0  0  0  0  149  2  38  0  0  5  2  0  3306  42  1019  0  0  64  9  0  5  0  3  1  4  0  0  12  178815  84308  3  112  7  1  2  0  0  0  398  1  8  0  1  0  0  4718  1  0  2  0  0  0  0  0  0  6806  0  2  0  0  0  0  2  27  0  1  0  0  0  1  6877  92  0  0  0  0  0  0  0  0  14  0  0  0  9  0  0  6  1  0  0  1  0  1  0  1  0  0  0  0  0  0  33  0  0  150  6  0  0  1329  0  0  1  0  
44  1  154  40  139  188  638  162  390819  54  4  349  0  2  18  62  86  1690  6  1256  0  45  26  0  6  15444  49264  1632  966  587712  0  113  1  0  0  0  0  0  0  255  2270  41  0  1154  4306  148691  10  433  3735  1  18  384  157  202  5027  211701  1842  1783  7  0  16  0  1  9  63325  3661  90110  122  1961  0  0  0  160  0  0  0  0  0  0  0  0  4  3068  0  53  0  0  0  0  11  0  1  0  13  0  8  1  0  0  1  0  0  0  6225  0  0  0  0  0  0  0  0  0  0  5  0  0  1  2  13  0  1  0  0  0  0  1  0  0  6  0  0  0  0  0  0  0  0  76  13  1  1  0  0  10937  0  0  0  
1  3582  0  0  5  0  0  0  0  13  0  1  0  1  2  0  48  41  81  0  674  386  1919  0  109  6  0  0  0  0  0  2  0  34  32812  0  1239219  1121825  0  1  41  39  84040  3236  146  0  0  11772  7  124234  488  6  4  3  340  183  146  13  63890  464333  9007  0  0  0  11  0  1  77  1  0  0  0  123897  0  0  0  0  0  0  0  0  0  0  0  0  0  0  0  0  0  0  0  0  0  0  0  0  0  0  0  0  0  0  0  1  0  0  0  0  0  0  0  0  0  0  0  0  0  0  0  0  0  0  0  0  0  0  0  0  0  0  0  0  0  0  0  1  0  0  0  0  0  0  0  0  0  0  0  
775  181  0  207  2255  1099  275  113  379  15028  90  679  0  315  152  187  2531  19821  373642  1061  777  17223  107391  18  1412909  53428  9  8  77  811  0  5827  46703  610384  399049  30578  16525  2007233  8  446  73290  390  64654  142184  73534  0  199  707094  7050  70051  9242  2410  1100  1266  588683  76124  103610  19472  210814  9911  108329  1  49  85  18508  2885  661  32051  482  0  143  162888  0  15392  0  0  3  1  1  9  17  1  31  151  0  0  0  0  0  2  7  38  0  0  53  37  350  3  1  109  1  0  0  0  2  419  0  0  0  0  0  0  1  0  346  0  0  105  42  2  5  371  53  0  10  4  11  6  0  148  0  0  0  0  51  0  10  1  3  696  147  2  15  2  8  0  57  0  
2  0  0  170  1  2  0  0  2  121  0  2  0  0  0  1  123  364  0  0  0  3  14  0  0  5192  0  0  0  0  0  67  399099  116984  5  187403  0  16  0  0  66894  2  1  274  2  0  0  165430  621  1  0  2  0  0  197  5  8  2  0  0  0  0  1  0  17  37  7  0  3  0  0  0  35599  0  0  0  0  0  0  0  0  0  1  5  0  0  0  0  0  0  0  1  0  0  0  2  6  1  0  3  0  0  0  0  0  6  0  0  0  0  0  0  0  0  12  0  0  2  2  0  0  5  1  0  0  1  0  0  0  6  0  0  0  0  2  0  0  0  0  20  7  0  0  1  0  0  0  0  
0  0  0  0  0  0  0  0  0  1  0  0  0  0  0  0  0  6  0  0  0  0  0  0  0  0  0  0  0  0  6066  14  0  0  0  0  0  0  0  0  0  0  0  0  0  0  0  2  3  0  0  1  0  1  0  0  0  0  0  0  0  0  1  0  1  13  0  0  0  130  0  0  7  0  0  0  1  34  172318  31266  68  16  304  4  0  144  3408  22069  49920  180234  0  115  35  0  3  1  102  594690  3  145  29  0  4  0  50913  12937  0  0  0  4  0  0  235458  0  359  0  0  14  69  30  7225  23  11263  0  0  23254  194678  416  0  9833  20  3  1  0  6  116908  1885  8703  249  3841  1862  134  47  70363  21  0  74  0  
0  0  0  0  0  0  0  0  0  0  0  0  0  0  0  0  0  1  0  0  1  1  0  0  0  0  0  0  0  0  0  0  0  0  0  0  0  0  0  0  0  0  0  0  0  0  0  0  0  0  0  1  0  0  0  0  0  0  0  0  0  0  0  0  0  0  0  0  0  0  0  0  0  0  9  0  28  95  4  3  60  5  263  61  0  0  0  0  2  1  0  36  616204  0  402314  17  24  1  9  727  7  0  5  5  0  8  0  0  3  47  36480  23635  6  0  993  361645  1  386  29  14  1  9  408  15  328710  26  50  7  0  455  38283  0  442137  299077  66114  0  6  1  12  273  128  67  20  0  23  36641  30594  0  
0  0  8868  0  0  0  0  102  6  1  0  0  0  0  0  1958  0  0  0  0  0  0  0  0  0  0  0  0  0  20  0  0  0  0  0  0  0  0  0  0  0  0  0  0  0  371  0  0  0  0  0  0  0  0  0  0  0  0  0  0  0  0  0  0  0  1  0  0  0  0  2  0  0  0  4  0  0  0  3  7  20  11001  178  0  0  0  0  0  0  433660  0  3  0  0  0  0  5  1  0  30  94922  105418  225509  64970  0  1  0  0  0  0  0  0  2  0  496  0  0  1  415376  625145  0  14  0  0  0  4  10  13  0  33  1  0  0  0  1  0  0  0  2  269  130685  4  13  0  57  0  8  0  
0  0  0  0  0  3  0  0  0  0  0  0  0  0  0  1  0  1  0  0  0  0  0  0  0  0  0  0  0  0  0  0  0  0  0  0  0  0  0  0  0  0  0  0  0  0  0  0  1  0  0  0  0  0  0  0  0  0  0  0  0  0  0  0  0  9  0  0  0  0  0  0  2  0  69  0  35  0  85  596  350  41  1009  74  0  442007  0  504  22  75  69  570  79  0  0  0  157  15  1  513933  113  198653  177071  10  0  123  29526  18678  2925  1185  0  0  554  428  80839  0  0  25  105671  89  204  1445  495752  0  3  384  337  222  0  12995  38  11  1  0  7  0  36  7  266  1280  5399  162383  307  1  43  0  247  155  
0  0  0  0  1  16  1  1  0  2  0  0  0  0  0  0  2  27  0  0  0  0  0  0  0  0  0  0  0  0  0  10  0  0  0  0  0  0  0  0  3  0  0  0  0  0  0  6  30  0  0  1  2  1  0  0  0  0  1  0  0  0  0  0  0  26  2  0  1  0  0  0  42  0  172463  0  5  30  0  205786  167  27  410  14  0  670  122  10546  5075  346363  2  204  47  2  0  0  109  1087  3  235  48  4  5  1  6  6131  0  0  0  0  0  0  3478  0  562  0  1  26  780  19  3197  32  11924  0  4  24595  486738  1888  0  22268  32  7  1  1  4  151  261  3627  517  1843  26122  333  478  33511  48  0  70  0  
7  0  0  0  8  48021  180  3  7  18  0  2  0  0  4  1245  10  584  0  0  2  0  5  1  0  3  0  0  7  1  78  10048  0  0  0  0  0  0  1  1  22  1  0  10  16  0  4  110  484  0  0  10  18  16  5  1  3  2  1  0  3  0  0  33  1  39772  70  3  29  3988  0  0  803  0  57669  3  43  64  414296  0  309311  10654  1682  122  0  1866  127  3895  801  875336  7  2707  72  23  12  2  1739  109799  15  868  65  0  15  9  1691  187784  0  0  1  4  1  0  4102  1  1382  0  5  41  453  5989  8083  257  10033  0  11  14390  267990  189994  0  14865  50  10  2  0  18  12  98674  61014  548  570016  7283  740  655  135323  274  0  607  0  
0  0  0  1  6  861  3408  323  30  14  0  2  0  0  10  2807  17  965  0  0  0  0  15  0  0  3  0  0  11  1  0  37  0  0  0  0  0  0  0  2  57  0  0  14  38  0  3  232  874  1  1  40  16  39  11  0  3  17  4  0  1  0  0  0  3  1463  146  10  53  1  0  0  1638  1  59  5  1862  146  180  361613  0  219054  38650  356  0  242  1  288  685  501832  12  1752  90  5  2  0  476  77  10  1284  1626  4  478  791  0  341  0  0  4  6  0  0  17  1  3451  1  1  170  2228  28548  1131  440  1091  0  7  2112  7193  475786  0  19561  57  7  1  0  27  0  254  25  548  307735  7340  3155  11634  1  12314  0  732  0  
3  0  54  1  6  351  11613  40260  4133  16  0  1  0  0  8  33072  15  770  0  1  0  0  12  1  0  2  0  0  15  160  0  23  0  0  0  0  0  0  0  0  58  0  2  11  30  906  2  204  674  0  0  32  33  40  11  0  4  15  1  0  2  0  1  0  7  8332  141  12  56  0  15  0  1363  0  22  0  803  39  44  33758  300542  0  151010  196  0  1  0  8  8  443160  19  1816  43  14  0  0  1383  49  5  1094  393  1  65733  117  0  153  0  0  3  3  0  0  11  0  7258  0  5  29  70845  283777  106  1678  644  1  2  95  332  13635  0  5147  41  5  1  0  24  2  302  1  492  203492  1340  406  374443  4  4144  0  963  0  
1  0  130  1  2  40  491  1535  56301  722  4  1  0  0  6  2444  17  182  0  0  0  224  4  0  0  9  0  0  7  37318  0  4  0  0  0  0  0  1  0  0  535  1  0  372  21  4626  1  88  139  0  0  23  4  12  46  13  7  1  1  0  0  0  0  1  128  14061  127  26  28  0  5495  0  56  0  32  2  375  227  42  554  86764  102804  0  101660  0  4  0  9  6  1471  2  68  905  0  0  67  37  2  9  3133  557  0  65  70631  0  93  0  0  0  3  0  0  42  0  6404  0  0  22662  1245  163785  14  40  2374  0  67  74  261  157  0  5481  373  10  30  0  94  0  9  9  47105  297662  4942  298  458  0  274535  0  395  0  
0  0  0  0  2  8  6  0  1326  915  14  1  0  1  1  0  51  321  0  0  2  178  21  0  0  10  1  0  2  4912  0  9  0  0  0  0  0  0  0  2  932  2  3  504  4  0  0  296  229  0  4  2  0  0  107  12  17  3  0  0  0  0  0  0  170  1787  62  0  4  0  3  0  323  2  41  64  47  170  25  207  10473  644  132666  0  11  3  0  7  8  92  4  104  1235  0  44  16903  14327  2  20  3830  38  1  36  46343  0  106  1  0  24  4  2  0  21  0  6087  1  6  135838  1404  618  26  191  2049  3  147  75  219  132  0  2827  249  16  42  7  2992  0  10  5  2930  142799  2131  200  421  1  5263  0  326  0  
0  0  0  0  0  0  0  0  13  0  343048  0  0  0  0  0  0  0  0  49010  0  69972  0  0  0  0  12  0  0  45685  0  0  0  0  0  0  0  0  0  0  0  2291  0  4034  0  0  0  0  0  0  0  0  0  0  0  0  0  0  0  0  3  0  0  0  1805  0  0  0  0  0  21  0  0  0  0  0  0  0  0  0  0  0  0  47  0  0  0  0  0  0  0  0  19273  429148  0  37004  0  0  0  0  2  0  0  57798  0  0  0  0  0  0  0  0  0  0  0  152183  0  871478  0  0  0  0  3  0  7  2  0  0  0  3  21168  201159  0  0  36  0  0  0  330575  0  0  1  0  0  6  0  0  0  
0  0  0  0  0  0  0  0  0  0  0  0  0  0  0  0  0  0  0  0  0  0  0  0  0  0  0  0  0  0  0  0  0  0  0  0  0  0  0  0  0  0  0  0  0  0  0  0  0  0  0  0  0  0  0  0  0  0  0  0  0  0  0  0  0  1  0  0  0  0  0  0  1  0  22  0  0  591764  294  1695  3  1  7  0  0  0  240  142448  4993  14  524  10755  1  0  0  0  7  289  0  19550  1  23  3756  0  0  82  9034  10113  27192  7  0  0  11738  192859  14  0  2  0  978  3  4138  1549  364624  0  0  69038  2916  29  0  285  0  0  0  0  0  1  2  8  7  973  430  281229  7  0  0  0  2  7  
0  0  0  0  0  0  0  0  0  0  0  0  0  0  0  0  0  0  0  0  0  0  0  0  0  0  0  0  0  0  0  0  0  0  0  0  0  0  0  0  0  0  0  0  0  0  0  0  0  0  0  0  0  0  0  0  0  0  0  0  0  0  0  0  0  0  0  0  0  0  0  0  1  0  9842  0  0  0  45  2944  0  0  1  0  0  563  0  83454  4130  4  0  4  0  0  0  0  7  189583  0  0  0  0  0  0  7  366  0  14  32  0  0  0  155300  169  5  0  0  0  1  0  67290  2  1549  0  0  53  20  0  0  14  0  0  0  0  0  111693  202  57191  0  55  4  0  0  2  0  0  1  0  
0  0  0  0  0  1  0  0  0  0  0  0  0  0  0  0  0  0  0  0  0  0  0  0  0  0  0  0  0  0  0  1  0  0  0  0  0  0  0  0  0  0  0  0  0  0  0  1  4  0  0  0  0  0  0  0  0  0  0  0  0  0  0  0  0  6  0  0  0  0  0  0  2  0  5302  0  1  2868  9495  6290  26  8  51  0  0  216789  82659  0  49879  79  0  325  3  0  0  0  43  4253  1  21  4  0  15  1  0  774  0  19  102  0  0  0  332883  138292  39  0  0  0  130  2  7810  3  173333  0  0  461418  20840  336  0  1731  3  1  0  0  1  55883  41  434  41  5484  3387  29445  54  1  5  0  14  0  
0  0  0  0  1  13  0  0  0  2  0  0  0  0  0  0  1  52  0  0  0  0  1  0  0  0  0  0  0  0  0  0  0  0  0  0  0  0  0  0  1  0  0  0  0  0  1  10  36  0  0  0  0  4  1  0  0  0  0  0  0  0  0  0  1  11  6  0  1  0  0  0  73  0  51098  0  2  54  4190  409  1256  79  386  13  0  8720  17144  67727  0  15408  0  142  34  0  0  0  15  99586  2  131  48  22  156770  1  0  32  0  0  0  0  0  0  94  0  304  0  0  12  13833  85  202  18  216  0  4  1384795  1652217  438369  0  11056  30  7  1  0  5  179869  24  24  244  486  11272  173648  297334  0  32  0  78  0  
0  0  515  0  2  2244  194  7644  1076  5  1  0  0  0  0  30024  1  27  0  0  0  1  0  9  0  0  0  0  0  3  10459  1418  0  0  0  0  0  0  0  0  4  0  0  0  3  1558  0  11  39  0  0  1  1  0  0  0  0  0  0  0  0  0  2  0  1  110  7  2  2  6259  21  0  52  0  218064  1  342221  15  456481  994751  709995  571026  3583  25  0  89  0  176  71739  0  1  534  14  9  0  0  172  61889  1  200  31  7  306392  66  239495  2226  0  0  0  0  0  0  18  0  1517  0  0  5  205054  91925  241  98  182  0  1  1428  272565  1166190  0  2496  19  2  0  0  5  2  104559  9698  117  1770  3940  243  282867  344019  153  0  166  0  
0  0  0  0  0  1  0  0  0  11  0  0  0  0  0  0  1  12  0  0  0  0  0  0  0  0  0  0  0  0  0  5  0  0  0  0  0  0  0  0  8  1  0  0  0  0  0  11  15  0  0  0  0  0  1  0  0  0  0  0  1  0  0  0  0  10  1  0  0  0  0  0  20  0  17  2  30  112  7  17  69  30  632  86  0  5219  1  3  2  14  0  411210  30  1  9  0  200837  8972  2  2230  38  0  25  7  0  155  4161  4  109284  20  0  3  3  0  70795  0  26415  10  2242  48  4148  226090  133774  136  2  29  87  42  0  3960  19  2  6  9  160  0  61  5  123  972  629  37  204  0  22  0  2302  3  
0  0  0  0  1  1  0  0  0  14  0  0  0  0  0  0  2  17  0  0  0  0  3  0  0  0  0  0  0  0  0  16  0  0  0  0  0  0  0  0  15  0  0  2  1  0  0  13  20  0  0  0  0  0  3  0  1  0  0  0  0  0  0  0  0  13  0  1  1  0  0  0  34  1  36  8  41  1652  353  867  191  64  1298  104  0  30711  0  360  4  43  285905  0  64  1  16  1  181361  97373  6  2138  160  2  34  9  91  5423  1991  1  28849  6  0  0  7  292  16838  0  4348  21  5482  69  208282  16748  270661  13  7  183  925  167  0  12790  46  6  2  5  136  1  2754  1626  401  1440  1687  101  191  1  48  0  2184  0  
0  0  0  0  0  0  0  0  0  0  0  0  0  0  0  0  0  0  0  0  0  0  0  0  0  0  0  0  0  0  0  0  0  0  0  0  0  0  0  0  0  0  0  0  0  0  0  0  1  0  0  0  0  0  0  0  0  0  0  0  0  0  0  0  0  0  0  0  0  0  0  0  0  0  32  603967  4  5672  20  77  276  15  428  14  56525  9  0  57  20  43  15  373  0  142974  3750  31838  10  4  110406  290  1527  1  564  26  1  9  0  0  0  50  129  45478  291  0  550  496580  0  209409  779  18  174  15  9159  0  119877  185  364  208  0  182058  1256063  711054  347853  1889  101786  0  13  2  9224  169  476  6870  67  0  117  8038  385784  0  
0  0  0  0  0  0  0  0  0  0  2326  0  0  0  0  0  0  0  0  347  0  0  0  0  0  0  9  0  0  1555  0  0  0  0  0  0  0  0  0  0  0  6  0  1  0  6  0  0  0  0  0  0  0  0  0  0  0  0  0  0  0  0  0  0  261  0  0  0  0  0  33  0  1  0  3  4  0  6  2  2  9  2  37  8  530050  0  0  1  0  2  0  3  137174  0  0  71  1  0  9  8  99156  0  0  22324  0  0  0  0  0  0  0  0  2  0  49  145719  0  179149  5  5  1  0  16  0  119  6  15  5  0  33187  7913  571615  2  0  1342  0  1  0  170038  28  6  24  6  0  241  0  18  0  
0  9  0  0  0  2  0  0  3  114  0  0  0  0  0  0  9  59  0  0  35  70  44  0  0  4  0  0  0  1  0  109  0  0  0  0  0  0  0  0  173  7  0  36  1  0  0  133  44  0  7  1  3  0  36  0  8  0  1  0  8  0  0  0  0  37  1  0  1  0  0  0  287  1  9  298989  17  195  4  28  17  2  81  226  0  1  0  2  0  3  16  83  15967  0  0  5221  139591  40  136  715  4  1  15  1  14  4108  0  0  755  432  91529  893  9  0  2012  40892  875  97  41  11  90  755  846  359498  217296  11  30  5  0  452  68  0  116370  769870  956227  0  149  6  4  277  100  83  22  17  10  3398  30834  5  
0  49  0  0  1  0  0  0  29  177  68960  0  0  0  0  0  22  73  0  0  4  16511  27  0  0  3  0  0  0  611  0  22  0  0  0  0  0  0  0  0  198  40  0  38370  0  0  0  183  72  0  30  0  1  0  55  3  17  1  0  0  25  0  1  1  10  121  2  0  0  0  1  0  248  2  4  38  8  9  3  4  24  0  152  14571  25462  0  0  0  1  0  2  34  32647  142  12121  0  83981  2  2  735  5  0  1  6565  3  715  0  0  0  2  1  0  1  0  477  544404  0  949724  13  7  15  180  130  1  120936  22  28  10  0  178  21052  177  11  2  917805  1  23  2  323  375  80  52  18  1  12  0  326  0  
0  0  0  0  0  2  0  0  0  258  0  0  0  0  0  1  36  170  0  0  6  7  30  0  0  4  0  0  1  3  0  225  0  0  0  0  0  0  0  0  239  7  1  66  2  0  0  339  160  0  5  3  0  3  71  0  21  3  2  0  0  0  1  0  5  127  2  1  2  0  0  0  453  4  185  27  636  416  109  100  384  28  3639  12952  0  302  2  30  18  36  111443  290800  142  0  146555  56373  0  82587  13  21172  202  0  48  119  389  11253  0  7  293624  78  7125  98  61  1  25920  3  641730  55155  1082  279  5586  38849  4556  250345  29  395  1072  160  0  5662  138  10  18  1096  705896  1  47680  474  267  5734  2876  422  562  17  301  3  22851  37  
0  0  0  0  0  1  0  0  0  3  0  0  0  0  0  0  0  5  0  0  0  0  4  31  0  0  0  0  0  0  10113  14  0  0  0  0  0  0  0  0  10  0  0  1  0  0  0  7  7  0  0  0  0  0  1  0  1  0  0  0  0  0  19  0  0  4  0  0  0  169  0  0  17  0  573404  1  3  6  763  76658  53  17  320  27  0  977  430132  17016  90976  57275  455  139597  14  0  34  4  130853  0  0  118  45  0  9  1  179875  18919  0  4999  6754  0  0  1  76165  69  1748  0  24135  12  1611  11  562447  471  430  0  2  216  74  37  0  3370  9  2  1  0  18  261554  615959  1266245  87  375  334  14  56  34827  5  0  83  0  
0  0  0  0  0  0  0  0  0  0  0  0  0  0  0  0  0  0  0  0  0  0  0  0  0  0  0  0  0  0  0  0  0  0  0  0  0  0  0  0  0  0  0  0  0  0  0  0  0  0  0  0  0  0  0  0  0  0  0  0  0  0  0  0  0  1  0  0  0  0  0  0  4  0  71  336  1  137  68  153  534  66  599  131  0  1  2  14  38  170  3  365  161701  47  3501  7  70  2  0  345094  38605  1  36  5  0  13  0  0  39  161217  12  3835  45  1  4466  4  0  2062  439  28  217  20  953  0  1082  418  909  310  207857  725116  2006  1496  2055  1966  15231  0  11  6  986  231  329  5161  339  0  126  0  944787  0  
0  0  0  0  0  5  0  0  0  5  0  0  0  0  0  0  1  12  0  0  0  0  0  0  1  0  0  0  0  0  0  5  0  0  0  0  0  0  0  0  4  0  0  1  1  0  0  5  13  0  0  0  1  1  0  0  0  0  0  0  0  0  0  0  1  10  2  0  2  0  0  0  30  0  516  580  250  409426  390  447  4685  316  5307  1331  0  1991  1  114  372  460  859  5477  1177  3  1292  0  1794  112  188994  0  5073  179457  1105  94  4  275  116748  70719  74  607010  4  3464  237  1  462111  1  17  382  143305  550  2371  2140  75424  1  27  2982  6077  3000  93345  300814  301  55  310  58  2644  9  455  45  545  22000  499104  4303  11696  1  324  9  187460  3400  
0  0  5  0  0  2  0  0  0  0  1  0  0  0  0  0  0  1  0  0  0  0  0  0  0  0  28  0  0  391  0  0  0  0  0  0  0  0  0  0  0  0  0  0  0  0  0  0  1  0  0  0  0  0  0  0  0  0  0  0  0  0  0  0  0  1  0  0  0  0  0  0  3  0  5  0  136063  9  3  23  357  137  422  23  29  0  0  1  1  11  1  18  2919  117094  0  0  13  0  31684  5213  0  1194  15  711486  0  1  0  0  0  0  0  0  1  0  1106  0  0  42  28  61365  0  20  41  0  0  17  41  59  3698  1074180  15  5378  1  0  2  0  3  0  102941  571  299279  57  382  0  120911  0  28  0  
0  0  0  0  0  0  0  0  0  1  0  0  0  0  0  0  0  0  0  0  0  0  0  0  0  0  0  0  0  0  0  1  0  0  0  0  0  0  0  0  0  0  0  0  0  0  0  0  0  0  0  0  0  0  0  0  0  0  0  0  0  0  0  0  0  0  0  0  0  0  0  0  1  0  4  0  119590  210975  6  12  171  4  44  5  0  6  0  1  11  5  8  299  4  0  0  0  3  4  1  246395  1073  0  54423  1  0  7  0  0  0  0  0  0  6  0  84  0  0  1  1114048  15587  157  7  1757  0  0  41  59  119  0  691  1  0  0  0  1  0  14  1  13  53  653445  962  98  0  5  0  14  0  
0  0  28  0  0  0  0  7  1  1  0  0  0  0  0  103  0  4  0  0  0  0  0  0  0  0  0  0  0  0  0  2  0  0  0  0  0  0  0  0  0  0  0  0  0  3  0  2  3  0  0  0  0  1  0  0  0  0  0  0  0  0  0  0  0  3  2  0  0  0  0  0  11  0  11  1  145143  218465  10  59  527  46039  727  18  0  18981  0  6  179826  269918  0  341  9  0  0  0  31  4  1  78  14  77906  0  1  0  14  0  4  0  0  0  0  5  0  264  0  0  7  1660647  5166  236  14  3351  0  0  5079  115  5347  0  2297  8  0  0  0  1  0  13  1  74  385  1985  446792  735071  0  24  0  29  0  
0  0  3034  0  0  0  0  148  13355  5  1428  0  0  0  0  99  0  2  0  8  0  3506  0  0  0  0  970  0  0  169007  0  0  0  0  0  0  0  0  0  0  2  0  0  1500  0  2974  0  0  3  0  0  0  0  0  0  0  0  0  0  0  0  0  0  0  153  41  0  0  0  0  6211  0  3  0  1  0  61782  7  2  14  1470  96  80461  43990  82370  0  0  0  0  47  0  4  55  59181  0  7717  0  0  3  66  667266  0  6  0  0  0  0  0  0  0  0  0  0  0  207  0  0  28673  62  489434  1  4  43  0  6  6  6  8  0  103358  10  373  1  0  6  0  0  0  617548  419  892  8  14  0  525820  0  18  0  
0  0  0  0  1  1184  0  0  0  4  0  0  0  0  0  2  0  2  0  0  3  0  6  558  0  0  0  0  0  0  65641  1588  0  0  0  0  0  0  0  0  8  0  0  0  0  0  0  3  0  0  0  0  1  0  0  0  2  0  0  0  0  0  37  0  0  17  0  0  0  10956  0  0  18  0  28868  0  3  1  23  5027  3  0  62  3  0  0  6  8  0  202711  5  195  2  0  27  8  1634  166167  0  43  7  0  0  1  0  100786  0  0  0  0  0  0  59  0  192  0  0  13  209  1  3094  48  24  0  3  12  14  4  0  567  3  0  0  0  10  0  516141  935  15  162  56  1  12  132619  2  0  35  0  
3  0  0  0  0  604  0  0  0  93  0  0  0  0  1  313  1  340  1  0  4  0  9  0  0  1  0  0  0  0  21  21412  0  0  0  0  0  0  0  0  43  0  0  9  1  0  6  62  405  0  1  0  0  1  6  0  3  1  0  0  1  0  1  5  2  1048  1  0  0  222  0  0  112  0  3568  2  33  28  755  100659  61  13  304  50  0  8  26  33  4  1957  22  1397  18  0  161  21  8530  5719  1  1856  36  0  3  7  88514  0  0  0  1  3  0  0  333  0  1422  0  14  62  412  20  17655  807  476  0  13  136  306  57  0  1650  16  2  3  1  64  1  154428  6929  66  98267  484  30  87  59131  16  0  1797  0  
0  0  0  0  0  0  0  0  0  0  0  0  0  0  0  0  0  0  0  0  0  0  0  0  0  0  0  0  0  0  0  0  0  0  0  0  0  0  0  0  0  0  0  0  0  0  0  0  0  0  0  0  0  0  0  0  0  0  0  0  0  0  0  0  0  0  0  0  0  0  0  0  0  0  0  0  0  17593  0  0  0  0  0  0  0  3908  0  0  0  0  3849  496  0  0  0  0  0  0  0  60086  0  10  0  0  0  0  0  98120  113443  228127  0  0  0  0  232540  0  0  0  0  0  0  297563  3800  0  0  0  0  0  0  0  0  0  0  0  0  0  0  0  0  0  0  0  0  0  0  0  3  272586  
0  0  0  0  0  0  0  0  0  0  0  0  0  0  0  0  0  0  0  0  0  0  0  0  0  0  0  0  0  0  0  0  0  0  0  0  0  0  0  0  0  0  0  0  0  0  0  0  0  0  0  0  0  0  0  0  0  0  0  0  0  0  0  0  0  0  0  0  0  0  0  0  0  0  0  7  0  10022  0  0  0  0  2  0  0  6092  33  40  0  0  5  3  0  0  19  0  548  1019  1  73550  0  0  1  0  0  0  84519  0  915232  361387  2  132615  0  2  21296  0  187321  0  0  0  39  54058  11  749  0  0  0  0  0  2  0  0  1  14  207  0  0  26  0  0  0  0  0  0  0  0  915117  218560  
0  0  0  0  0  0  0  0  0  0  0  0  0  0  0  0  2  2  0  0  0  0  0  0  0  0  0  0  0  0  0  2  0  0  0  0  0  0  0  0  0  0  0  0  0  0  0  0  0  0  0  0  0  0  0  0  0  0  0  0  0  0  0  0  0  0  0  0  0  0  0  0  0  0  1  6  8  2684  1  1  3  0  30  7  0  25836  47  90  1  0  96972  33961  2  0  52  0  221404  1890  0  238  3  0  0  1  0  15  116010  622357  0  3  9  45303  2  2  259  0  283159  1  1  2  278  434770  4169  22539  0  4  16  3  0  58  0  0  21  328  1295  0  7  11  1  69  24  1  9  0  1  51  88146  121846  
0  0  0  0  0  0  0  0  0  0  0  0  0  0  0  0  0  0  0  0  0  0  0  0  0  0  0  0  0  0  0  0  0  0  0  0  0  0  0  0  0  0  0  0  0  0  0  0  0  0  0  0  0  0  0  0  0  0  0  0  0  0  0  0  0  0  0  0  0  0  0  0  0  0  13  2264  6  1331  7  9  49  1  75  16  0  7  0  8  7  4  7  62  369  0  3081  2  1005  0  82124  478630  5  2  15  1  0  1  222131  426006  253  0  8  17  15  0  399278  1  350  537  63  13  20  14435  1166  478  43  55  171  22  53710  58573  119  1  199  183  6520  0  4  1  14  117  565  214  33  0  9  38  213677  227860  
0  0  0  0  0  0  0  0  0  0  0  0  0  0  0  0  0  0  0  0  0  0  0  0  0  0  0  0  0  0  0  0  0  0  0  0  0  0  0  0  0  0  0  0  0  0  0  0  0  0  0  0  0  0  0  0  0  0  0  0  0  0  0  0  0  0  0  0  0  0  0  0  0  0  0  35885  2  2  0  0  1  0  3  2  0  0  0  0  0  0  0  0  3  0  52175  0  17214  0  0  17  0  0  1  0  0  4  0  1  26  1  0  318289  0  0  25  1  183067  0  0  0  1  13  4  282706  0  1  0  0  0  8  0  0  31767  671891  1019  0  0  0  0  4  1  1  0  0  2  1057916  17186  0  
0  0  0  0  0  0  0  0  0  0  0  0  0  0  0  0  0  0  0  0  0  0  0  0  0  0  0  0  0  0  0  0  0  0  0  0  0  0  0  0  0  0  0  0  0  0  0  0  0  0  0  0  0  0  0  0  0  0  0  0  0  0  0  0  0  0  0  0  0  0  0  0  0  0  0  45959  1  0  0  0  3  0  3  1  0  0  0  0  0  0  5  4  2634  0  2396  0  4188  2  889  1237  0  0  0  1  0  0  0  105568  24023  6  422004  0  0  0  43  0  257229  1  1  0  0  46533  6  141626  1  0  4  0  0  8  26  0  218691  114817  1044  0  0  0  0  11  4  2  0  0  3  1074828  1396766  143  
0  0  0  0  0  0  0  0  0  0  0  0  0  0  0  0  0  0  0  0  0  0  0  0  0  0  0  0  0  0  0  1  0  0  0  0  0  0  0  0  0  0  0  0  0  0  0  1  0  0  0  0  0  0  0  0  0  0  0  0  0  0  0  0  0  1  0  0  0  0  0  0  0  0  115678  0  11  3701  6041  15481  7  0  59  0  0  4211  134023  332613  148  13  0  8  1  0  0  0  9  12233  2  16  12  0  13  4  10  1224  0  0  0  1  0  0  0  1454  26  0  0  1  14  5  62067  3  242166  0  0  6260  13405  82  0  462  1  0  0  0  0  37681  576  42679  19  376  144  5301  5  11  2  0  2  0  
0  0  0  0  0  0  0  0  0  0  0  0  0  0  0  0  0  0  0  0  0  0  0  0  0  0  0  0  0  0  0  0  0  0  0  0  0  0  0  0  0  0  0  0  0  0  0  0  0  0  0  0  0  0  0  0  0  0  0  0  0  0  0  0  0  0  0  0  0  0  0  0  0  0  0  0  0  7802  3  22  2  0  3  0  0  252854  26  175635  0  0  0  247  0  0  0  0  0  11  0  0  0  0  0  0  0  0  0  0  3  0  0  0  4249  0  0  0  0  0  1  0  7746  0  111249  0  0  4564  6  0  0  52  0  0  0  0  0  0  0  0  1  3  3  35840  0  0  0  0  0  0  
0  0  0  0  0  13  0  0  0  253  0  0  0  0  0  0  29  156  0  0  0  0  7  0  0  2  0  0  1  1  0  48  0  0  1  0  0  0  0  0  129  0  0  34  7  0  2  211  136  0  1  3  1  3  30  1  4  0  1  0  1  0  0  0  2  192  15  2  6  0  0  0  343  1  983  1699  3595  134951  1004  671  3694  513  34572  12069  0  27  2  217  332  545  63787  68329  5050  8  1954  16  91837  2085  1786  525292  1497  19  927  774  2  1483  223795  25407  1029  350237  7  8  487  2  0  11  10201  1683  84943  1993  1681  290503  165298  5948  308  3330  8569  1971  9262  120345  1524  71  454  446  15663  25  7727  35  2962  139226  31035  9068  11462  6  998  31  140049  105312  
0  21  0  0  0  0  0  0  0  4  95  0  0  0  0  0  1  0  0  0  8  215  0  0  0  0  0  0  0  0  0  2  0  0  0  0  0  0  0  0  7  52  0  60  0  0  0  5  1  0  33  0  0  0  1  0  0  0  0  0  0  0  0  0  0  2  0  0  0  0  0  0  5  1  1  246800  0  41  1  0  21  1  5  10  162388  1  0  0  2  2  1  16  598421  136742  54899  535824  8  0  10  15  0  0  5  0  0  56  0  0  0  1  46  0  2  0  28  0  0  395730  16  0  8  23  65  1  574905  19  37  14  0  267  60755  133  153  17  63906  0  1  0  18  13  10  235  2  0  1  6  202  0  
0  0  0  0  0  0  0  0  0  0  0  0  0  0  0  0  0  1  0  0  0  0  0  0  0  0  0  0  0  0  0  0  0  0  0  0  0  0  0  0  1  0  0  0  0  0  0  0  1  0  0  0  0  0  0  0  0  0  0  0  0  0  0  0  0  0  0  0  0  0  0  0  0  0  1  30  1  3  1  1  5  0  9  4  0  0  0  0  2  0  677  406  0  0  270  0  411505  23696  1  168  1  0  2  0  0  6  0  135583  295045  13  170099  372732  0  0  351  0  0  0  2  2  6  23759  17  232456  0  3  11  2  0  26  2  0  102  1677  1780  0  1  88  1  54  20  1  1  1  1  13950  39382  242  
0  1  0  0  1  5  0  0  0  86  34985  0  0  0  0  0  8  61  1  14  0  2605  12  0  0  0  0  0  0  9  0  3  0  0  0  0  0  0  0  0  103  9  1  16009  3  0  0  117  53  0  0  0  0  0  22  2  7  1  0  0  0  0  0  0  1  59  7  0  1  0  0  0  157  1  203  291  158  938  159  139  8624  143  74682  150454  806224  8  0  52  98  84  20  842  96604  52402  142  783049  51025  10  681  3568  51  3  168  32489  0  108  0  0  3  43  1  0  104  0  3648  297376  0  0  1174  463  346  138  3746  0  5302  884  2048  480  0  23976  210287  292017  2599  280  190028  0  54  13  450067  2815  2055  8847  389  0  34734  6  16745  0  
0  0  0  0  0  65  1  1  1  85  0  2  0  0  2  1  5  217  0  0  0  0  5  0  0  0  0  0  5  0  0  13  0  0  0  0  0  0  0  2  20  0  0  4  12  0  0  57  207  0  0  4  8  7  3  0  1  4  0  0  1  0  0  0  2  162  34  2  18  0  0  0  367  0  301  5  182006  110928  1485  3504  25744  50063  8713  768  0  46  1  83  7394  151214  122  9443  354  26  3  0  1883  156  26  399876  269  1088859  1238570  37  2  480  0  0  5  77  1  0  176  0  23669  1  5  165  0  151415  4851  943  65841  0  13  2507  5631  12875  1  49858  219  76  8  3  75  2  1196  45  1993  8215  584657  113980  489133  8  962  0  1777  0  
0  0  4884  0  2  22  5  3415  237  5  0  0  0  0  1  10702  3  81  0  0  0  0  0  0  0  0  0  0  2  26  0  1  0  0  0  0  0  0  0  0  8  0  0  0  7  4321  0  18  79  0  0  0  5  3  1  0  0  1  0  0  0  0  0  0  1  149  13  4  7  0  15  0  134  0  78  6  313832  119  204  34509  82407  195131  194489  677  0  4  0  23  59  50435  5  635  438  273  0  0  725  9  32  17913  88136  2068  5659  481026  0  41  0  0  4  53  0  0  35  0  29928  0  2  154  229302  0  143  354  1185  1  13  419  1073  5780  0  134611  245  37  5  0  85  2  124  2  3574  30622  103442  1527  25385  1  128450  0  1335  0  
0  0  0  0  0  4  0  0  0  6  0  0  0  0  1  0  1  6  0  0  1  0  0  0  0  0  0  0  0  0  0  32  0  0  0  0  0  0  0  0  4  0  0  2  0  0  1  2  7  0  0  0  0  0  0  0  0  0  0  0  0  0  0  0  0  20  1  0  0  0  0  0  22  0  27557  1  11  35  28416  12868  449  84  1515  65  0  10033  66862  15209  244  182  376  146004  95  0  13  1  3080  495114  4  411  188  2  15  1  2689  40963  1  105  195  1  0  0  68556  2228  2647  1  23  43  3049  68  0  219  98742  0  8  6202  4508  1107  0  26272  65  11  1  0  19  28  45196  180069  1010  2087  6807  123  254  43  60  0  221  0  
0  0  0  0  2  4  1  0  0  233  0  1  0  0  0  1  32  151  1  0  2  1  19  0  0  2  0  0  0  1  0  105  0  0  0  0  0  0  0  0  162  2  0  33  3  0  0  220  152  0  1  2  0  0  36  0  8  4  1  0  1  0  0  0  3  86  2  0  1  0  0  0  322  1  106  66  263  2108  54  69  296  55  1397  390  0  2461  4  24  13  23  267238  103369  113  0  900  5  140030  4708  99  17337  86  1  82  49  6  2307  274793  71655  542130  951  5  122873  66  0  301713  1  138296  59  721  139  422  0  24598  37667  19  285  645  156  0  4686  77  2  102  2059  2399  1  377  14  176  3970  1762  727  496  20  105  153  349988  274371  
0  0  0  0  0  17  0  0  0  15  0  0  0  0  0  0  3  41  0  0  0  0  2  0  0  0  0  0  0  0  0  16  0  0  0  0  0  0  0  0  4  0  0  3  0  0  0  14  28  0  0  0  0  2  2  0  0  1  0  0  0  0  0  0  0  78  7  1  1  0  0  0  62  0  26022  7  537  507196  58918  41414  4016  872  44925  5190  0  407051  1399  214584  261  1956  73951  279127  1093  6  7  0  5797  2376  81  45827  1904  156  6338  150  4  3506  7395  1  1183  82  0  0  131682  53358  86822  4  4  385  68604  1095  96030  7671  0  0  57  77095  17843  3091  0  269982  675  118  27  1  136  333  645  3095  7432  48533  35335  70830  3194  3  960  0  1926  0  
0  0  0  0  0  0  0  0  0  0  0  0  0  0  0  0  0  1  0  0  0  0  0  0  0  0  0  0  0  0  0  0  0  0  0  0  0  0  0  0  0  0  0  0  0  0  0  0  1  0  0  0  0  0  0  0  0  0  0  0  0  0  0  0  0  0  0  0  0  0  0  0  0  0  1  277  5  9  0  3  5  0  27  6  0  0  0  0  0  0  21  12  7  0  332930  2  294103  0  1  194  0  0  0  1  0  5  0  282  6326  21  273301  84513  0  0  526  0  593734  4  3  2  0  6919  27  0  1  5  3  0  0  24  0  0  1185  297131  66440  0  0  0  1  67  12  4  1  0  3  65910  160031  266  
0  17  0  0  0  0  0  0  0  12  0  0  0  0  0  0  0  3  0  0  6  128  1  0  0  0  0  0  0  0  0  7  0  0  0  0  0  0  0  0  7  2  0  6  0  0  0  13  1  0  23  0  0  0  8  0  1  0  0  0  2  0  0  0  0  6  0  0  0  0  0  0  34  1  0  183648  1  13  0  4  2  0  8  34  80  0  0  1  0  1  0  10  109035  642  192329  110436  26  2  7  67  0  0  2  0  1  97  0  0  2  1  2  0  1  0  79  553845  0  6529  9  2  4  74  94  0  0  4  8  3  0  202  33371  17  78153  22475  456902  0  3  0  9  18  13  78  13  0  6  1  2811  0  
0  0  0  1  0  36  0  0  1  1  0  1  0  0  0  1  0  32  0  0  0  0  0  0  0  0  0  0  0  0  0  19  0  0  0  0  0  0  0  1  1  0  1  0  1  0  1  7  35  0  0  1  2  1  0  1  0  1  1  0  0  0  0  0  0  202  2  1  3  0  0  0  44  0  12790  0  16  5052  64437  62858  1167  44  585  24  0  147758  195  772918  1095424  3086  1  968  50  0  1  0  457  259  2  453  70  2  20316  4  2  4201  0  0  0  1  0  0  5939  1666  731  0  0  17  1556  36  5197  41  46016  0  1  0  661263  381049  0  13483  24  2  1  0  6  73926  388  949  317  23377  14037  649993  306  5  33  0  201  0  
0  0  0  0  0  49  2  0  1  1  0  0  0  0  1  0  5  125  0  0  0  0  1  0  0  2  0  0  0  0  0  23  0  0  0  0  0  0  0  0  10  0  0  0  6  0  0  22  105  0  0  1  6  3  2  0  0  0  0  0  0  0  0  0  0  205  14  0  5  0  1  0  207  0  145034  0  13  63  394869  256464  2399  137  836  37  0  7940  129  37096  1710808  224655  3  869  68  0  1  0  346  144  4  373  55  2  86  4  0  2814  0  0  0  1  0  0  39459  3  752  0  1  16  833  49  1487  41  3644  0  2  940728  0  309806  0  19095  31  9  2  0  8  148703  290  492  552  7447  18909  2134  378  4  47  0  218  0  
2  0  0  0  8  239  5  0  0  19  0  1  0  1  6  9  16  994  0  0  0  0  21  0  0  2  0  1  8  1  0  33  0  0  0  0  0  0  0  1  45  0  0  16  19  0  2  239  887  0  0  34  22  39  19  1  4  8  1  0  1  0  0  1  5  311  114  10  43  0  0  0  1877  0  1189  1  77  275  2304  174750  548732  13877  4533  169  0  321  19  560  546491  1321571  26  3349  372  57  1  2  474  134  41  3028  645  15  4777  27  6  692  0  0  1  18  0  0  235  0  3962  1  2  122  20313  16268  3690  328  3894  0  17  415002  300123  0  0  92557  243  45  6  1  46  14  483  161  2687  9915  29826  84617  307776  1  528  0  970  0  
0  0  0  0  0  0  0  0  0  0  0  0  0  0  0  0  0  0  0  0  0  0  0  0  0  0  0  0  0  0  0  0  0  0  0  0  0  0  0  0  0  0  0  0  0  0  0  0  0  0  0  0  0  0  0  0  0  0  0  0  0  0  0  0  0  0  0  0  0  0  0  0  0  0  0  0  0  0  0  0  0  0  0  0  0  0  0  0  0  0  0  0  0  0  0  0  0  0  191306  154839  6350  0  0  0  0  0  0  0  0  147924  0  0  0  0  15503  0  0  0  0  0  0  0  0  0  0  0  0  0  0  40463  1  0  0  0  0  0  0  0  0  0  3  0  0  0  0  0  36853  0  
0  0  1  0  1  20  0  0  0  15  0  0  0  0  1  1  3  67  0  0  0  0  1  0  0  0  1  0  2  2  0  4  0  0  1  0  0  0  0  0  7  0  0  4  1  0  0  16  55  0  0  3  2  3  1  2  1  1  0  0  0  0  0  0  1  77  10  0  10  0  0  0  112  0  3234  495  2521  11824  10322  6735  22618  2533  39830  5839  44  54  11  1015  1822  3269  84  6875  258957  46846  535  109  1570  81  608613  294393  1064725  668  1548  102930  1  408  0  0  17  62608  9  1  1811  1  97852  99  6  53469  11463  85134  2914  1001  48013  2  2387  12610  45240  9058  34836  0  33439  269771  1966  1715  16577  80  747  44  114546  27572  504494  37668  15282  0  278912  0  145457  0  
0  0  0  0  0  1  0  0  0  0  0  0  0  0  0  0  0  2  0  0  0  0  0  0  0  0  0  0  0  0  0  1  0  0  0  0  0  0  0  0  0  0  0  0  0  0  0  1  1  0  0  0  0  0  0  0  0  0  0  0  0  0  0  0  0  4  1  0  0  0  0  0  4  0  59  21017  24  2749  55  78  545  18  453  23  41193  5  0  39  59  51  27  1068  1162967  22727  161  17139  62  8  340  1101  38  2  346  6  0  21  0  0  0  88  1  45  119  0  733  38629  0  306378  1148  30  518  17  6133  0  65954  462  826  514  0  19814  0  88783  47687  138  171217  0  54  0  2059  337  643  14182  252  0  161  66  90893  0  
0  0  0  0  0  0  0  0  0  0  0  0  0  0  0  0  0  0  0  0  0  0  0  0  0  0  0  0  0  0  0  0  0  0  0  0  0  0  0  0  1  0  0  0  0  0  0  0  0  0  0  0  0  0  0  0  0  0  0  0  0  0  0  0  0  1  0  0  0  0  0  0  0  0  142  42  23  328  122  63  531  16  679  130  187316  2  1  22  65  41  0  184  886739  527854  113  165  27  2  1018  439  2169  0  53  124  0  12  0  0  0  5  0  0  71  0  1395  1061  1  500776  219  20  82  13  959  0  536  676  1708  242  0  262861  89043  0  362  254  3663  2  10  0  201048  723  455  1981  114  0  2840  0  6238  0  
0  0  0  0  0  0  0  0  0  0  0  0  0  0  0  0  0  0  0  0  0  0  0  0  0  0  0  0  0  0  0  0  0  0  0  0  0  0  0  0  0  0  0  0  0  0  0  0  0  0  0  0  0  0  0  0  0  0  0  0  0  0  0  0  0  0  0  0  0  0  0  0  1  0  3  424992  7  78  3  2  21  0  89  15  0  0  0  1  0  0  0  21  419426  13  51574  23  15  0  784  369  4  0  3  1  0  1  0  0  6  19  19691  227043  2  0  322  641  14  1585  14  6  5  3  292  44  271364  13  30  7  0  517  103929  13  0  58404  87170  0  4  0  22  99  63  73  18  0  10  291059  327319  0  
0  0  0  0  0  0  0  0  0  0  0  0  0  0  0  0  0  0  0  0  0  0  0  0  0  0  0  0  0  0  0  0  0  0  0  0  0  0  0  0  0  0  0  0  0  0  0  0  0  0  0  0  0  0  0  0  0  0  0  0  0  0  0  0  0  0  0  0  0  0  0  0  0  0  1  313844  8  41  1  0  27  3  107  27  0  0  0  0  1  0  2  18  2091  0  753215  1  4892  1  3  255  1  0  2  1  0  1  0  2  629  32  637431  88710  4  0  486  2  1772  45  7  5  0  93  137  371053  4121  6  11  0  0  180  11  0  111095  0  129606  0  2  0  6  97  45  25  6  0  19  442728  110710  9  
0  40  0  0  0  1  0  0  0  13  0  0  0  0  0  0  0  7  0  0  16  224  5  0  0  0  0  0  0  0  0  22  0  0  0  0  0  0  0  0  33  21  0  6  0  0  0  26  7  0  23  0  0  0  3  0  2  0  0  0  4  0  0  0  0  8  1  0  0  0  0  0  41  2  195  57650  643  1097  120  70  777  30  3980  1516  27  8  1  53  29  57  77  1012  128654  299  834928  740584  485832  18  128  31514  207  2  93  126  2  910  0  0  29740  709  2425  1144  107  1  40233  24425  4347  220327  500  427  130  905  4141  84281  516913  645  1535  218  0  5132  119325  627  111003  127178  0  3  127  10  192  9150  2863  885  374  2  365  7  29779  14  
0  0  0  0  0  0  0  0  0  0  0  0  0  0  0  0  0  0  0  0  0  0  0  0  0  0  0  0  0  0  0  0  0  0  0  0  0  0  0  0  0  0  0  0  0  0  0  0  0  0  0  0  0  0  0  0  0  0  0  0  0  0  0  0  0  0  0  0  0  0  0  0  0  0  136440  0  0  0  25  9  0  0  1  0  0  1  272680  71912  132609  0  0  0  0  0  0  0  0  272176  0  0  0  0  0  0  0  3  0  0  0  0  0  0  137785  0  1  0  0  0  0  0  30  0  391  0  0  70752  153823  1  0  16  0  0  0  0  0  0  1  4608  1  1  7  2  0  0  0  0  0  0  
0  0  0  0  0  4  0  0  0  21  0  1  0  0  0  0  5  12  0  0  4  2  24  12  0  0  0  0  0  0  1983  240  0  0  0  0  0  1  0  1  43  1  0  8  0  0  0  20  8  0  0  0  0  0  8  0  1  0  0  0  0  0  3  0  0  19  0  0  0  59  0  0  64  0  22491  2  26  33  1467  95496  147  40  900  79  0  38  400  323  22  112079  25  19081  28  1  160  25  83699  574245  2  788  111  2  25  3  390908  212295  0  0  12  3  0  0  4906  0  6280  0  17  43  4270  44  66564  1199  754  0  8  609  847  100  0  8396  25  5  2  1  89  7  0  156349  266  1256  1063  64  149  25440  34  0  593  0  
0  0  0  0  0  1  1  0  0  4  0  0  0  0  0  0  0  8  0  0  1  0  4  0  0  0  0  0  0  0  0  23  0  0  0  0  0  0  0  0  9  0  0  2  0  0  0  3  7  0  0  0  0  0  0  0  0  0  0  0  0  0  0  0  0  11  0  0  0  0  0  0  12  0  61902  0  1  7  3939  98247  34  3  65  9  0  15  187756  443  10  4664  3  3470  2  0  20  2  1733  1337679  0  138  4  0  0  0  672  45356  0  27  29  0  0  0  265069  0  198  0  132  5  119  2  237729  124  2523  0  2  624  393  52  0  781  4  0  0  0  9  7135  116286  0  37  2052  214  17  11  2154  3  0  129  0  
0  0  0  0  0  1  0  0  7  0  862  0  0  0  0  0  0  0  0  0  0  204  0  0  0  0  3  0  0  8502  0  0  0  0  0  0  0  0  0  0  0  0  0  336  0  1  0  0  0  0  0  0  0  0  0  0  0  0  0  0  0  0  0  0  7  2  0  0  0  0  19  0  2  0  231  16  12  472  149  124  1493  43  47091  1186  416747  2  0  46  151  124  11  560  34820  217094  5  712  30  5  547  1490  81300  5  89  716873  0  18  0  0  0  13  0  0  115  0  1722  35  0  611508  702  428  264  69  2096  0  385  1377  2729  628  0  340283  5111  244392  237  14  828  5  21  2  0  1971  3449  7788  335  1  152254  0  2149  0  
52  0  0  5  97  78296  6150  858  11279  41099  0  30  0  3  58  9478  417  8349  0  2  2  553  99  6  0  85  0  4  55  3091  1  5034  0  1  2  0  0  2  2  17  3096  1  15  2303  197  9  187  2757  9566  1  2  278  200  262  420  99  52  54  8  1  3  0  6  125  977  304527  1544  150  241  36  18  0  4227  54  5411  114  387  1413  2528  592077  328800  231250  272025  246750  0  2426  28  2805  267  7611  86  11525  839  9  39  29  11966  528  23  36137  286  14  1560  385  74  94757  0  0  78  36  2  0  478  1  282143  1  38  804  45839  5802  6398  4779  18424  7  47  6780  14705  4780  0  45808  640  36  26  19  3559  12  2736  1387  1658  0  37559  5776  7950  15931  2289  0  3474  0  
0  0  0  0  0  13  0  0  0  39  0  0  0  0  0  1  3  72  0  0  0  0  0  0  0  1  0  0  3  0  0  4  0  0  0  0  0  0  0  0  7  0  0  1  1  0  0  11  68  0  0  1  1  2  0  1  0  2  1  0  0  0  0  0  0  59  8  2  1  0  0  0  110  0  873  15  135373  3793  10590  6962  13273  903  11708  3600  0  33  1  346  2206  1958  74  4073  884  21  10  1  899  81  29  632052  226503  607154  1869  2463  1  259  1  0  5  1550  0  0  362  1  27016  1  5  561  399576  177604  1618  672  25145  0  35  5178  19412  28256  2  485034  563  76  18  2  213  14  540  30  3952  28552  0  4791  66941  0  2601  0  2264  0  
1  0  0  0  0  34  0  0  0  1  0  0  0  0  0  1  0  10  0  0  0  0  0  0  0  0  0  0  0  0  0  19  0  0  0  0  0  0  0  0  3  0  0  0  0  0  0  6  19  0  0  0  3  1  0  0  0  0  0  0  0  0  0  0  0  193  4  1  2  0  0  0  17  0  989  1  22  396677  1745  6953  20839  132  1855  67  0  311853  11  13566  251793  4330  4  2455  149  1  1  0  336  57  12  689  270  8  668078  7  2  2050  0  0  1  9  0  0  5159  17406  1383  1  0  57  252483  129  3631  48  56806  0  4  615092  24938  170730  0  36778  71  16  1  0  9  6  290  190  832  4389  13244  0  3846  0  136  0  389  0  
2  0  0  0  4  98  6  1  1  15  0  0  0  0  4  5  9  453  0  0  0  0  3  0  0  1  0  0  9  1  0  9  0  0  0  0  0  0  0  0  26  0  0  5  14  0  0  87  392  0  0  11  14  20  9  1  0  2  2  0  0  0  0  0  2  256  50  4  23  0  0  0  718  0  403  8  189  187  1014  1119  96265  276584  8138  329  0  5  1  158  264742  262377  90  3961  532  337  2  0  1139  134  147  5397  483  174  825262  64  4  260  0  0  5  13  0  0  132  0  9122  0  4  140  583227  12716  1422  583  3072  0  20  943  5110  307375  0  76486  552  109  4  3  62  6  700  20  3905  6272  70736  1165  0  5  920  0  1204  0  
0  0  0  0  0  837  0  0  0  6  0  0  0  0  0  480  0  83  0  0  0  0  1  2  0  0  0  0  0  0  1164  1416  0  0  0  0  0  0  0  0  2  0  0  0  0  0  3  5  93  0  0  0  0  0  0  0  0  0  0  0  0  0  0  3  0  492  1  0  0  1159  0  0  6  0  82217  0  2  0  134806  176589  4  0  8  1  0  1  1  3  1  321105  0  23  0  0  0  0  23  70925  0  73  1  0  0  0  131463  69804  0  0  0  0  0  0  39  0  63  0  0  0  12  1  102  27  58  0  0  4  22  3  0  30  0  0  0  0  1  0  70502  5807  0  28624  18  2  0  0  1  0  96  0  
0  0  99  0  5  33  46  236  15778  2  4  0  0  0  0  153  5  112  0  0  0  7  2  0  0  1  0  0  3  14462  0  0  0  0  1  0  0  0  0  1  11  0  0  2  1  5633  0  22  106  0  0  5  5  4  0  0  0  3  1  0  0  0  0  1  1  1436  15  3  12  0  6989  0  199  0  33  15  966  236  37  8228  21980  1948  313397  1299  8  1  0  16  32  1189  3  443  2728  1727  0  3  202  5  60  13231  98185  3  227  438892  0  27  0  0  1  6  0  0  33  0  13778  2  0  4943  2570  176404  133  216  1995  0  124  165  385  1058  0  518852  3127  726  39  1  159  1  49  4  140931  18147  13698  2991  1742  0  0  0  1828  0  
0  0  0  0  0  0  0  0  0  0  0  0  0  0  0  0  0  0  0  0  0  0  0  0  0  0  0  0  0  0  0  0  0  0  0  0  0  0  0  0  0  0  0  0  0  0  0  0  0  0  0  0  0  0  0  0  0  0  0  0  0  0  0  0  0  0  0  0  0  0  0  0  0  0  0  75698  1  7  0  1  2  0  17  3  0  0  0  0  0  0  5  4  3288  0  3672  0  420  0  0  19  0  0  0  0  0  1  0  24  184  3  923637  1174874  0  0  37  0  62979  107  1  0  1  223  20  66930  9  0  0  0  0  17  80  0  368479  353325  244  0  0  0  1  9  4  2  0  0  3  0  134306  5  
0  0  0  0  0  0  0  0  0  5  0  0  0  0  0  0  0  7  0  0  0  0  0  0  0  0  0  0  0  0  0  0  0  0  0  0  0  0  0  0  1  0  0  0  0  0  0  3  5  0  0  0  0  0  0  0  0  0  0  0  0  0  0  0  0  8  0  0  0  0  0  0  10  0  207  20618  140  14893  264  441  1282  91  1671  246  0  43  0  180  76  135  177  3139  372417  24  219104  21  48863  39  1068199  244272  154  12  1241  31  0  107  21  854177  46350  297952  35112  1482663  754  1  85004  482  78400  10423  3439  230  1298  308878  71481  187439  18812  771  1630  1025  22702  306238  74777  116  233406  140174  196223  0  223  15  1099  2260  2720  32947  1662  0  196  96603  0  106215  
0  0  0  0  0  0  0  0  0  0  0  0  0  0  0  0  0  0  0  0  0  0  0  0  0  0  0  0  0  0  0  0  0  0  0  0  0  0  0  0  0  0  0  0  0  0  0  0  0  0  0  0  0  0  0  0  0  0  0  0  0  0  0  0  0  0  0  0  0  0  0  0  0  0  0  3  0  13  0  0  0  0  2  1  0  0  0  0  0  0  4  4  9  0  86  0  414  0  0  703  0  0  1  0  0  0  194147  228382  105139  261496  0  48  0  0  90287  0  1885  0  0  0  0  353760  38  1102  1  1  0  0  0  7  1  0  9  98  147  0  0  0  0  1  2  4  1  0  0  0  122096  0  
