1.083531379699707031e-01 9.964047372341156006e-02 -9.172553569078445435e-02 -1.359590291976928711e-01 -1.331247389316558838e-01 1.271055191755294800e-01 -9.658652544021606445e-02 4.190761968493461609e-02
2.148657739162445068e-01 1.321647465229034424e-01 -2.032395303249359131e-01 -1.355773210525512695e-01 -2.691834568977355957e-01 2.215335369110107422e-01 -1.865355074405670166e-01 3.398700430989265442e-02
-1.465601772069931030e-01 -2.092449367046356201e-02 1.825286895036697388e-01 -2.312455326318740845e-02 2.014968842267990112e-01 -1.360542327165603638e-01 9.857295453548431396e-02 3.146659210324287415e-02
-2.353552430868148804e-01 -5.674631521105766296e-02 2.761747241020202637e-01 -1.495681703090667725e-03 3.157655596733093262e-01 -2.226957380771636963e-01 1.693089455366134644e-01 2.904292568564414978e-02
-2.112371176481246948e-01 -3.507863357663154602e-02 2.550072968006134033e-01 -2.763786166906356812e-02 2.908478379249572754e-01 -1.958648264408111572e-01 1.531994789838790894e-01 3.696440532803535461e-02
9.881019592285156250e-03 6.945170462131500244e-02 2.464397251605987549e-02 -1.121684685349464417e-01 4.554033279418945312e-03 2.724674716591835022e-02 -2.596880495548248291e-02 4.215101525187492371e-02
2.641866207122802734e-01 1.576005071401596069e-01 -2.545379996299743652e-01 -1.553341746330261230e-01 -3.311052918434143066e-01 2.742618918418884277e-01 -2.240277081727981567e-01 3.727878257632255554e-02
-1.817462593317031860e-02 3.948721662163734436e-02 4.520282149314880371e-02 -7.859375327825546265e-02 3.295797109603881836e-02 -5.873541813343763351e-03 -1.880079507827758789e-03 3.281452879309654236e-02
1.469134241342544556e-01 1.156629100441932678e-01 -1.223865672945976257e-01 -1.098470762372016907e-01 -1.658179461956024170e-01 1.496544629335403442e-01 -1.352997571229934692e-01 8.522223681211471558e-03
1.919290423393249512e-01 9.924477338790893555e-02 -1.746671944856643677e-01 -7.258128374814987183e-02 -2.403438687324523926e-01 1.758623719215393066e-01 -1.864793449640274048e-01 1.039085909724235535e-02
-2.286596149206161499e-01 -5.181902274489402771e-02 2.717794179916381836e-01 -6.626896560192108154e-03 3.072620630264282227e-01 -2.154832184314727783e-01 1.610864549875259399e-01 3.395649418234825134e-02
-1.808493882417678833e-01 -2.767246589064598083e-02 2.257077991962432861e-01 -1.728584617376327515e-02 2.518307566642761230e-01 -1.709149032831192017e-01 1.214092224836349487e-01 2.960407361388206482e-02
2.090529650449752808e-01 1.296141743659973145e-01 -1.914961636066436768e-01 -9.578054398298263550e-02 -2.476731687784194946e-01 2.055403888225555420e-01 -1.875244230031967163e-01 -8.925549685955047607e-03
-9.435518085956573486e-02 3.077418729662895203e-02 1.373970955610275269e-01 -8.600845187902450562e-02 1.434701085090637207e-01 -7.255120575428009033e-02 5.835427343845367432e-02 4.353168979287147522e-02
8.137120306491851807e-02 8.913180977106094360e-02 -3.856825456023216248e-02 -9.536311775445938110e-02 -7.857164740562438965e-02 7.399083673954010010e-02 -9.949013590812683105e-02 3.036411479115486145e-02
1.768526434898376465e-01 1.274129897356033325e-01 -1.557821333408355713e-01 -1.350915133953094482e-01 -2.124078571796417236e-01 1.859345287084579468e-01 -1.580850780010223389e-01 3.629586473107337952e-02
-8.874680101871490479e-02 -6.473894231021404266e-03 1.264112442731857300e-01 -1.190156489610671997e-02 1.272034645080566406e-01 -9.366618841886520386e-02 3.900721669197082520e-02 1.605812832713127136e-02
-1.476042121648788452e-01 5.743420217186212540e-03 1.930044293403625488e-01 -6.942241638898849487e-02 2.131151407957077026e-01 -1.280211955308914185e-01 1.028123646974563599e-01 4.514547809958457947e-02
3.556069731712341309e-02 4.930591583251953125e-02 -1.543593406677246094e-02 -7.129143923521041870e-02 -4.177684336900711060e-02 4.112459346652030945e-02 -4.843823611736297607e-02 2.326289936900138855e-02
1.764683425426483154e-02 6.826309859752655029e-02 1.631312072277069092e-02 -9.490574151277542114e-02 -4.007577896118164062e-03 3.214851021766662598e-02 -3.487181663513183594e-02 2.811067923903465271e-02
1.115107312798500061e-01 9.629674255847930908e-02 -7.572048157453536987e-02 -9.035047143697738647e-02 -1.211393475532531738e-01 1.056033894419670105e-01 -1.224497184157371521e-01 1.770931109786033630e-02
2.585980296134948730e-01 1.284549385309219360e-01 -2.495108991861343384e-01 -1.027177348732948303e-01 -3.311280012130737305e-01 2.487459033727645874e-01 -2.347232997417449951e-01 1.959207281470298767e-02
2.816520333290100098e-01 1.509875059127807617e-01 -2.843291163444519043e-01 -1.407098770141601562e-01 -3.655989170074462891e-01 2.930963039398193359e-01 -2.372501343488693237e-01 2.135245129466056824e-02
2.617283463478088379e-01 1.303607374429702759e-01 -2.572995424270629883e-01 -1.056624874472618103e-01 -3.363567590713500977e-01 2.562241554260253906e-01 -2.317780256271362305e-01 1.518543437123298645e-02
2.684735953807830811e-01 1.306564658880233765e-01 -2.677733302116394043e-01 -1.068047806620597839e-01 -3.470189571380615234e-01 2.656720876693725586e-01 -2.332153767347335815e-01 1.931096240878105164e-02
2.271212190389633179e-01 1.056794077157974243e-01 -2.310169190168380737e-01 -7.939556986093521118e-02 -2.948588728904724121e-01 2.280186116695404053e-01 -1.929526031017303467e-01 1.396345719695091248e-02
2.475103139877319336e-01 1.285743415355682373e-01 -2.582316398620605469e-01 -1.100030317902565002e-01 -3.326855599880218506e-01 2.857034802436828613e-01 -2.042561769485473633e-01 3.768878057599067688e-02
2.040669322013854980e-01 1.090154722332954407e-01 -2.042789757251739502e-01 -1.040136590600013733e-01 -2.717446088790893555e-01 2.213438749313354492e-01 -1.779585927724838257e-01 3.457782045006752014e-02
2.674228549003601074e-01 1.370143890380859375e-01 -2.664097547531127930e-01 -1.022548601031303406e-01 -3.361734151840209961e-01 2.658504545688629150e-01 -2.262898385524749756e-01 1.070272177457809448e-03
3.026066422462463379e-01 1.571046113967895508e-01 -3.176090121269226074e-01 -1.536659002304077148e-01 -4.033016562461853027e-01 3.328389823436737061e-01 -2.431794852018356323e-01 3.875601664185523987e-02
8.776250481605529785e-02 6.244849041104316711e-02 -7.737555354833602905e-02 -6.148315221071243286e-02 -1.186884492635726929e-01 1.064144149422645569e-01 -9.144338965415954590e-02 2.231260761618614197e-02
-6.759501993656158447e-02 2.667862735688686371e-02 8.208635449409484863e-02 -9.095477312803268433e-02 8.294373750686645508e-02 -1.847484894096851349e-02 5.449497699737548828e-02 5.140106752514839172e-02
2.074118852615356445e-01 1.321441084146499634e-01 -1.999634206295013428e-01 -1.083504781126976013e-01 -2.515884041786193848e-01 2.228153944015502930e-01 -1.728480011224746704e-01 2.821050584316253662e-04
-6.686125695705413818e-02 1.420067623257637024e-02 9.208518266677856445e-02 -5.469942837953567505e-02 9.059458971023559570e-02 -4.442953690886497498e-02 3.892034292221069336e-02 3.790857270359992981e-02
1.302751302719116211e-01 8.640605211257934570e-02 -1.278133541345596313e-01 -8.669627457857131958e-02 -1.709623634815216064e-01 1.559747904539108276e-01 -1.123928502202033997e-01 2.191943302750587463e-02
-1.131121367216110229e-01 4.377734847366809845e-03 1.398278623819351196e-01 -5.962344259023666382e-02 1.523666232824325562e-01 -8.204977959394454956e-02 8.216373622417449951e-02 3.943711891770362854e-02
2.770655155181884766e-01 1.548385620117187500e-01 -2.752479016780853271e-01 -1.265557706356048584e-01 -3.447307944297790527e-01 2.829556763172149658e-01 -2.297979891300201416e-01 -4.567429423332214355e-04
7.248558104038238525e-02 9.023161232471466064e-02 -6.374430656433105469e-02 -1.148079261183738708e-01 -8.362295478582382202e-02 1.078947335481643677e-01 -5.457478761672973633e-02 1.154350861907005310e-02
2.794372439384460449e-01 1.557905673980712891e-01 -2.755029201507568359e-01 -1.046708002686500549e-01 -3.377596139907836914e-01 2.873899042606353760e-01 -2.279245406389236450e-01 -6.571650505065917969e-03
2.924730181694030762e-01 1.578573286533355713e-01 -2.955715060234069824e-01 -1.006131991744041443e-01 -3.554191589355468750e-01 3.088500201702117920e-01 -2.290021032094955444e-01 -2.287693321704864502e-03
2.556249499320983887e-01 1.653154939413070679e-01 -2.509579658508300781e-01 -1.327587366104125977e-01 -3.016745448112487793e-01 2.727279365062713623e-01 -1.999436020851135254e-01 -1.519532874226570129e-02
2.447229474782943726e-01 1.406436264514923096e-01 -2.275099158287048340e-01 -8.322215825319290161e-02 -2.870326638221740723e-01 2.328780144453048706e-01 -2.172828912734985352e-01 -2.707145921885967255e-02
2.031651735305786133e-01 1.035954952239990234e-01 -2.114467769861221313e-01 -8.859703689813613892e-02 -2.687808275222778320e-01 2.251008749008178711e-01 -1.656382530927658081e-01 2.444486692547798157e-02
2.585408687591552734e-01 1.489554345607757568e-01 -2.428990304470062256e-01 -8.864995092153549194e-02 -3.009222745895385742e-01 2.501935064792633057e-01 -2.218971848487854004e-01 -2.273477986454963684e-02
2.802736759185791016e-01 1.616796851158142090e-01 -2.739824056625366211e-01 -1.038861349225044250e-01 -3.330081403255462646e-01 2.902129888534545898e-01 -2.272016108036041260e-01 -1.205153390765190125e-02
2.414462566375732422e-01 1.301708370447158813e-01 -2.436424046754837036e-01 -1.012373194098472595e-01 -3.103966712951660156e-01 2.662442326545715332e-01 -2.005488425493240356e-01 2.500097081065177917e-02
2.819750308990478516e-01 1.715221554040908813e-01 -2.762362658977508545e-01 -1.307553052902221680e-01 -3.359242081642150879e-01 2.910233139991760254e-01 -2.269411087036132812e-01 -1.771190017461776733e-02
2.140436470508575439e-01 9.449271857738494873e-02 -2.164133787155151367e-01 -5.876826494932174683e-02 -2.762702107429504395e-01 2.103472948074340820e-01 -1.849258840084075928e-01 7.679890841245651245e-03
2.492303401231765747e-01 1.358361095190048218e-01 -2.494705468416213989e-01 -1.061561033129692078e-01 -3.258056640625000000e-01 2.835013270378112793e-01 -2.132122963666915894e-01 3.826096281409263611e-02
2.823617756366729736e-01 1.298988908529281616e-01 -2.854360342025756836e-01 -6.433529406785964966e-02 -3.523557186126708984e-01 2.906402647495269775e-01 -2.312422394752502441e-01 1.652489230036735535e-02
2.813571393489837646e-01 1.372831761837005615e-01 -2.814865708351135254e-01 -7.288546115159988403e-02 -3.435333967208862305e-01 2.842179238796234131e-01 -2.284528017044067383e-01 3.559336066246032715e-03
2.527403831481933594e-01 1.386575996875762939e-01 -2.398415952920913696e-01 -8.644700795412063599e-02 -3.084332942962646484e-01 2.518514394760131836e-01 -2.249310314655303955e-01 -5.201820284128189087e-03
3.052828907966613770e-01 1.712326854467391968e-01 -3.123930990695953369e-01 -1.341637074947357178e-01 -3.815708756446838379e-01 3.358361124992370605e-01 -2.378309369087219238e-01 1.441545411944389343e-02
1.753900349140167236e-01 9.406852722167968750e-02 -1.682336926460266113e-01 -6.877436488866806030e-02 -2.276220321655273438e-01 1.862687468528747559e-01 -1.624531447887420654e-01 1.805890724062919617e-02
2.545496821403503418e-01 1.514539122581481934e-01 -2.356196194887161255e-01 -9.661269932985305786e-02 -2.971646785736083984e-01 2.467014491558074951e-01 -2.236641049385070801e-01 -2.046197280287742615e-02
3.074200153350830078e-01 1.600890010595321655e-01 -3.145488202571868896e-01 -1.172490194439888000e-01 -3.898108601570129395e-01 3.376421630382537842e-01 -2.440689504146575928e-01 3.307705000042915344e-02
2.734698653221130371e-01 1.297649890184402466e-01 -2.687906622886657715e-01 -5.804089456796646118e-02 -3.350850045680999756e-01 2.763784229755401611e-01 -2.308376729488372803e-01 1.207654550671577454e-02
2.720264792442321777e-01 1.213162913918495178e-01 -2.726089060306549072e-01 -5.388409644365310669e-02 -3.393247723579406738e-01 2.734200060367584229e-01 -2.280133515596389771e-01 1.276687160134315491e-02
3.241900801658630371e-01 1.791901588439941406e-01 -3.407869338989257812e-01 -1.408533155918121338e-01 -4.052030444145202637e-01 3.630526363849639893e-01 -2.383000850677490234e-01 1.417293772101402283e-02
2.309360802173614502e-01 1.235085949301719666e-01 -2.087377905845642090e-01 -5.788516253232955933e-02 -2.719885110855102539e-01 2.107983380556106567e-01 -2.171830236911773682e-01 -2.057211101055145264e-02
3.170740902423858643e-01 1.573846489191055298e-01 -3.330218195915222168e-01 -9.805286675691604614e-02 -4.030624628067016602e-01 3.596269786357879639e-01 -2.411534041166305542e-01 3.384285047650337219e-02
2.104966342449188232e-01 1.143625974655151367e-01 -1.996876895427703857e-01 -6.326710432767868042e-02 -2.637595534324645996e-01 2.290954887866973877e-01 -1.904863715171813965e-01 2.052756771445274353e-02
2.913734316825866699e-01 1.420701742172241211e-01 -2.991827428340911865e-01 -7.586855441331863403e-02 -3.634455800056457520e-01 3.131320178508758545e-01 -2.302111685276031494e-01 1.271839812397956848e-02
2.499409914016723633e-01 1.391163021326065063e-01 -2.518649697303771973e-01 -9.307367354631423950e-02 -3.126425743103027344e-01 2.831870913505554199e-01 -2.007401585578918457e-01 2.104128524661064148e-02
2.958142757415771484e-01 1.480904221534729004e-01 -3.015559613704681396e-01 -8.637077361345291138e-02 -3.747951984405517578e-01 3.287885189056396484e-01 -2.389846295118331909e-01 3.074022009968757629e-02
2.438931912183761597e-01 1.339180618524551392e-01 -2.437933832406997681e-01 -9.142702072858810425e-02 -3.140715360641479492e-01 2.841742336750030518e-01 -2.049994319677352905e-01 3.834049776196479797e-02
2.616866230964660645e-01 1.378720849752426147e-01 -2.711200118064880371e-01 -8.969105035066604614e-02 -3.362492620944976807e-01 3.088316619396209717e-01 -2.054821550846099854e-01 3.762109950184822083e-02
2.260858714580535889e-01 1.230931729078292847e-01 -2.219674885272979736e-01 -8.381352573633193970e-02 -2.926587760448455811e-01 2.566553354263305664e-01 -1.988866925239562988e-01 3.218859061598777771e-02
2.648538351058959961e-01 1.322409212589263916e-01 -2.585129141807556152e-01 -6.347695738077163696e-02 -3.343223929405212402e-01 2.856648564338684082e-01 -2.330346554517745972e-01 2.317972108721733093e-02
2.984409928321838379e-01 1.417483985424041748e-01 -3.096622228622436523e-01 -7.671970874071121216e-02 -3.733174204826354980e-01 3.198017776012420654e-01 -2.315437793731689453e-01 1.563773676753044128e-02
2.815178036689758301e-01 1.331249028444290161e-01 -2.854562401771545410e-01 -5.828148871660232544e-02 -3.498731553554534912e-01 2.988838553428649902e-01 -2.284238040447235107e-01 1.219826564192771912e-02
2.382827103137969971e-01 1.183588802814483643e-01 -2.425119429826736450e-01 -5.955598503351211548e-02 -2.954041361808776855e-01 2.584786713123321533e-01 -1.897037625312805176e-01 1.148216053843498230e-02
3.097207546234130859e-01 1.499855518341064453e-01 -3.238939940929412842e-01 -9.245517104864120483e-02 -3.939183950424194336e-01 3.435436785221099854e-01 -2.390106916427612305e-01 3.093634173274040222e-02
2.506685554981231689e-01 1.345669627189636230e-01 -2.535692453384399414e-01 -9.219752997159957886e-02 -3.218613266944885254e-01 2.900998890399932861e-01 -2.055391818284988403e-01 3.870166465640068054e-02
1.169588416814804077e-02 8.337032049894332886e-03 -1.384455710649490356e-02 -2.353936433792114258e-03 -1.004034280776977539e-02 5.773962475359439850e-04 -8.697107434272766113e-03 -3.836667910218238831e-02
1.493149101734161377e-01 9.652230143547058105e-02 -1.346931159496307373e-01 -6.259555369615554810e-02 -1.653487980365753174e-01 1.302071362733840942e-01 -1.331594288349151611e-01 -4.647975042462348938e-02
-3.160753250122070312e-01 -1.524287611246109009e-01 3.347193598747253418e-01 1.420586854219436646e-01 4.532075524330139160e-01 -3.737162947654724121e-01 2.800623774528503418e-01 -6.138274073600769043e-02
-3.236422538757324219e-01 -1.704507470130920410e-01 3.318873643875122070e-01 1.581086069345474243e-01 4.485752582550048828e-01 -3.722542226314544678e-01 2.886738181114196777e-01 -5.078261718153953552e-02
-2.155019789934158325e-01 -9.859929233789443970e-02 2.417571246623992920e-01 1.095882579684257507e-01 3.282806277275085449e-01 -2.762475013732910156e-01 1.840661615133285522e-01 -6.332743167877197266e-02
-8.925586938858032227e-03 1.700845733284950256e-02 2.319147437810897827e-02 -4.282273352146148682e-03 4.539363086223602295e-02 -3.736790269613265991e-02 1.149705052375793457e-02 -5.324568226933479309e-02
6.304816901683807373e-02 5.994466692209243774e-02 -5.614051222801208496e-02 -5.467882007360458374e-02 -5.509597808122634888e-02 5.270772427320480347e-02 -4.296213388442993164e-02 -4.188586026430130005e-02
-1.780837327241897583e-01 -1.085138246417045593e-01 1.649484336376190186e-01 9.178252518177032471e-02 2.239398509263992310e-01 -1.931740194559097290e-01 1.617288738489151001e-01 -3.229912370443344116e-02
-1.419370621442794800e-01 -6.070218607783317566e-02 1.549329310655593872e-01 5.870996043086051941e-02 2.132323235273361206e-01 -1.800564378499984741e-01 1.242720633745193481e-01 -5.373369529843330383e-02
-6.706148386001586914e-03 -1.563391089439392090e-02 5.308501422405242920e-03 2.733162790536880493e-02 3.766469657421112061e-03 -2.485639043152332306e-02 -6.509318947792053223e-03 -3.701151162385940552e-02
-2.660146951675415039e-01 -1.343062818050384521e-01 2.888574898242950439e-01 1.442816853523254395e-01 3.896651864051818848e-01 -3.279556035995483398e-01 2.289064973592758179e-01 -5.845697969198226929e-02
-2.242964059114456177e-01 -1.095136925578117371e-01 2.574268579483032227e-01 1.338571459054946899e-01 3.438740372657775879e-01 -2.964459657669067383e-01 1.825583130121231079e-01 -6.495246291160583496e-02
-2.351147085428237915e-01 -1.326180249452590942e-01 2.383300960063934326e-01 1.204051002860069275e-01 3.116885423660278320e-01 -2.739437520503997803e-01 1.971237212419509888e-01 -4.572927951812744141e-02
-1.396068334579467773e-01 -4.660217836499214172e-02 1.599449962377548218e-01 5.105189234018325806e-02 2.298117727041244507e-01 -1.834391504526138306e-01 1.304602175951004028e-01 -6.073297187685966492e-02
8.574686944484710693e-02 6.442044675350189209e-02 -6.305335462093353271e-02 -2.779448777437210083e-02 -7.317464798688888550e-02 5.218921601772308350e-02 -8.250650763511657715e-02 -5.412246659398078918e-02
8.263395726680755615e-02 7.206580042839050293e-02 -6.583142280578613281e-02 -5.082776397466659546e-02 -6.925665587186813354e-02 5.893393605947494507e-02 -6.764047592878341675e-02 -5.326325818896293640e-02
-2.292074710130691528e-01 -1.493469327688217163e-01 2.211366891860961914e-01 1.417857408523559570e-01 2.869840264320373535e-01 -2.588610351085662842e-01 1.917186230421066284e-01 -3.334837779402732849e-02
-1.892454475164413452e-01 -9.635280072689056396e-02 2.003695815801620483e-01 9.779374301433563232e-02 2.715724706649780273e-01 -2.315760105848312378e-01 1.639576405286788940e-01 -5.111450701951980591e-02
-5.606742203235626221e-02 -4.588299617171287537e-02 5.194708704948425293e-02 5.201279371976852417e-02 6.485919654369354248e-02 -7.522843033075332642e-02 3.792439401149749756e-02 -3.530839085578918457e-02
-1.342676579952239990e-01 -5.028332397341728210e-02 1.511985510587692261e-01 5.424959957599639893e-02 2.145973592996597290e-01 -1.753035336732864380e-01 1.225690096616744995e-01 -5.744358152151107788e-02
-1.057205349206924438e-02 8.440033532679080963e-03 3.206141293048858643e-02 1.840423792600631714e-02 4.952897131443023682e-02 -5.105690658092498779e-02 6.214976310729980469e-04 -5.535087734460830688e-02
1.267373561859130859e-01 7.610185444355010986e-02 -1.198448762297630310e-01 -5.013895779848098755e-02 -1.498526334762573242e-01 1.138825863599777222e-01 -1.148998588323593140e-01 -4.205333068966865540e-02
1.177298501133918762e-01 7.135656476020812988e-02 -1.183807328343391418e-01 -6.133127957582473755e-02 -1.426918357610702515e-01 1.119992733001708984e-01 -9.622450172901153564e-02 -3.109715133905410767e-02
1.328460723161697388e-01 8.213923871517181396e-02 -1.129861325025558472e-01 -4.311161488294601440e-02 -1.416268795728683472e-01 1.052166447043418884e-01 -1.247715204954147339e-01 -3.881139308214187622e-02
5.197393894195556641e-02 3.370463103055953979e-02 -3.541318327188491821e-02 -6.888248026371002197e-03 -4.133947938680648804e-02 2.236513607203960419e-02 -5.244106054306030273e-02 -3.161475434899330139e-02
1.947782933712005615e-02 -2.048407495021820068e-02 -3.152258694171905518e-02 2.554804086685180664e-02 -4.342680796980857849e-02 1.159778051078319550e-02 -2.033500373363494873e-02 3.401383757591247559e-03
-4.260988533496856689e-02 -8.310072124004364014e-02 5.863834172487258911e-03 7.269182801246643066e-02 -5.770102143287658691e-03 -2.905192412436008453e-02 2.888755500316619873e-02 1.593585684895515442e-02
4.134327173233032227e-03 -2.293087169528007507e-02 -1.019482314586639404e-02 3.761740773916244507e-02 -1.938872039318084717e-02 -1.168145798146724701e-02 -1.783497631549835205e-02 -2.527672611176967621e-02
-6.115521490573883057e-02 -4.889081791043281555e-02 6.621921807527542114e-02 6.159525364637374878e-02 8.316980302333831787e-02 -9.023141860961914062e-02 4.153539240360260010e-02 -2.063688263297080994e-02
1.264183521270751953e-01 6.023422628641128540e-02 -1.472723782062530518e-01 -6.961678713560104370e-02 -1.808960139751434326e-01 1.447396427392959595e-01 -9.383761882781982422e-02 -1.386366784572601318e-03
-2.855725884437561035e-01 -1.707755774259567261e-01 2.938953340053558350e-01 1.750584244728088379e-01 3.842517137527465820e-01 -3.360512256622314453e-01 2.374595254659652710e-01 -4.146375134587287903e-02
-3.078505992889404297e-01 -1.847212910652160645e-01 3.089340627193450928e-01 1.792562007904052734e-01 4.067986607551574707e-01 -3.520873785018920898e-01 2.629479765892028809e-01 -3.912875428795814514e-02
-3.491841554641723633e-01 -1.913730949163436890e-01 3.524173498153686523e-01 1.699039191007614136e-01 4.673689007759094238e-01 -3.930057287216186523e-01 3.051454424858093262e-01 -4.450449720025062561e-02
-2.867103219032287598e-01 -1.713314354419708252e-01 2.796513736248016357e-01 1.550154834985733032e-01 3.713783025741577148e-01 -3.185667693614959717e-01 2.513983249664306641e-01 -3.593133017420768738e-02
-3.375283479690551758e-01 -2.048218697309494019e-01 3.314702212810516357e-01 1.863708198070526123e-01 4.325348734855651855e-01 -3.740724623203277588e-01 2.887874841690063477e-01 -3.306677937507629395e-02
-3.207169175148010254e-01 -1.604683250188827515e-01 3.377493619918823242e-01 1.523499637842178345e-01 4.554623961448669434e-01 -3.776235580444335938e-01 2.825452089309692383e-01 -5.770178511738777161e-02
-1.653355211019515991e-01 -1.013697683811187744e-01 1.637891680002212524e-01 9.058536589145660400e-02 2.144177705049514771e-01 -1.928841322660446167e-01 1.404523998498916626e-01 -2.362483367323875427e-02
-2.939054965972900391e-01 -1.438955962657928467e-01 3.028964698314666748e-01 1.219762340188026428e-01 4.091700911521911621e-01 -3.387540876865386963e-01 2.621617913246154785e-01 -5.665568634867668152e-02
-3.378844857215881348e-01 -2.213246524333953857e-01 2.969242930412292480e-01 1.558851748704910278e-01 3.811882138252258301e-01 -3.343577980995178223e-01 2.990468740463256836e-01 -7.448941469192504883e-03
-3.557444214820861816e-01 -2.445055842399597168e-01 3.161920607089996338e-01 1.925707459449768066e-01 3.991835117340087891e-01 -3.621248006820678711e-01 3.023132681846618652e-01 -1.609736680984497070e-02
-3.725221157073974609e-01 -2.115237712860107422e-01 3.601434826850891113e-01 1.673155575990676880e-01 4.736317992210388184e-01 -4.009190797805786133e-01 3.281200528144836426e-01 -3.819617256522178650e-02
-2.721248865127563477e-01 -1.604705303907394409e-01 2.741566896438598633e-01 1.479399204254150391e-01 3.544875979423522949e-01 -3.144692182540893555e-01 2.250331789255142212e-01 -4.378993064165115356e-02
-1.354658156633377075e-01 -1.194305568933486938e-01 9.858906269073486328e-02 8.931212127208709717e-02 1.215935498476028442e-01 -1.222052499651908875e-01 1.194932311773300171e-01 1.090776547789573669e-02
-2.786256074905395508e-01 -1.764465570449829102e-01 2.710332870483398438e-01 1.578440815210342407e-01 3.449565768241882324e-01 -3.136052489280700684e-01 2.275096029043197632e-01 -3.868285566568374634e-02
-3.260759711265563965e-01 -2.227622270584106445e-01 2.822846174240112305e-01 1.628156900405883789e-01 3.581302762031555176e-01 -3.230082094669342041e-01 2.826285958290100098e-01 -1.439216732978820801e-02
-1.985305994749069214e-01 -1.771427392959594727e-01 1.385657340288162231e-01 1.263933479785919189e-01 1.665771156549453735e-01 -1.701656132936477661e-01 1.730480045080184937e-01 1.586869731545448303e-02
-3.431102037429809570e-01 -1.925768256187438965e-01 3.352569937705993652e-01 1.527289897203445435e-01 4.401926994323730469e-01 -3.746595084667205811e-01 3.000924587249755859e-01 -3.875254839658737183e-02
-8.546158671379089355e-03 -3.255135565996170044e-02 -6.172932684421539307e-03 3.222985565662384033e-02 -8.847944438457489014e-03 -1.101942360401153564e-02 7.239654660224914551e-03 2.553809434175491333e-03
-3.885904550552368164e-01 -2.766389250755310059e-01 3.196803033351898193e-01 1.953919529914855957e-01 4.092102050781250000e-01 -3.614928722381591797e-01 3.493660688400268555e-01 7.014047354459762573e-03
-3.560345172882080078e-01 -2.880993187427520752e-01 2.922547459602355957e-01 2.338257133960723877e-01 3.512694835662841797e-01 -3.434544801712036133e-01 2.908995747566223145e-01 9.578425437211990356e-03
-3.331046700477600098e-01 -2.643714249134063721e-01 2.832218706607818604e-01 2.253385335206985474e-01 3.427471518516540527e-01 -3.331443965435028076e-01 2.691947817802429199e-01 9.073391556739807129e-04
-2.859489321708679199e-01 -1.747351139783859253e-01 2.903152406215667725e-01 1.719251573085784912e-01 3.732267022132873535e-01 -3.314236104488372803e-01 2.331840544939041138e-01 -3.834610059857368469e-02
-3.462906479835510254e-01 -2.263063341379165649e-01 3.257388174533843994e-01 1.966958045959472656e-01 4.178934693336486816e-01 -3.701645135879516602e-01 2.936208248138427734e-01 -2.283159270882606506e-02
-3.308236002922058105e-01 -2.132838964462280273e-01 3.181339204311370850e-01 1.955208927392959595e-01 4.110995531082153320e-01 -3.626493215560913086e-01 2.799509167671203613e-01 -2.726576477289199829e-02
-3.197178840637207031e-01 -1.878877729177474976e-01 3.171432316303253174e-01 1.672711670398712158e-01 4.122675061225891113e-01 -3.579778671264648438e-01 2.709688544273376465e-01 -3.920805454254150391e-02
-3.838007450103759766e-01 -2.943375706672668457e-01 3.238871395587921143e-01 2.390973865985870361e-01 3.997846245765686035e-01 -3.750700950622558594e-01 3.221696615219116211e-01 6.530348211526870728e-03
-3.413273096084594727e-01 -2.815823554992675781e-01 2.787172198295593262e-01 2.312784492969512939e-01 3.321079015731811523e-01 -3.296479880809783936e-01 2.756524085998535156e-01 9.665217250585556030e-03
-2.947657108306884766e-01 -2.468526959419250488e-01 2.500912249088287354e-01 2.213554978370666504e-01 2.958134412765502930e-01 -2.996896803379058838e-01 2.287155538797378540e-01 2.590231597423553467e-04
-4.253740906715393066e-01 -2.913650572299957275e-01 3.696229457855224609e-01 2.178074419498443604e-01 4.706267714500427246e-01 -4.171872735023498535e-01 3.721106052398681641e-01 -4.160437732934951782e-03
-2.210974544286727905e-01 -1.358726471662521362e-01 2.390516698360443115e-01 1.555865705013275146e-01 3.030281066894531250e-01 -2.783248126506805420e-01 1.668683439493179321e-01 -4.488684982061386108e-02
-4.120027422904968262e-01 -3.235409855842590332e-01 3.235040009021759033e-01 2.247360944747924805e-01 3.879536390304565430e-01 -3.737933933734893799e-01 3.471951484680175781e-01 1.760930195450782776e-02
-2.357940226793289185e-01 -2.099543809890747070e-01 1.716457754373550415e-01 1.591835469007492065e-01 2.003147453069686890e-01 -2.086830586194992065e-01 1.946801692247390747e-01 1.209504529833793640e-02
-3.705615997314453125e-01 -2.858833670616149902e-01 2.995058596134185791e-01 2.047165930271148682e-01 3.598235249519348145e-01 -3.477369546890258789e-01 3.077023625373840332e-01 5.079232156276702881e-03
-2.849478721618652344e-01 -2.329228222370147705e-01 2.229330241680145264e-01 1.748201102018356323e-01 2.668240666389465332e-01 -2.642502486705780029e-01 2.366104274988174438e-01 5.984138697385787964e-03
-3.585891127586364746e-01 -2.926698029041290283e-01 2.861777842044830322e-01 2.232443988323211670e-01 3.387673497200012207e-01 -3.367249369621276855e-01 2.920635342597961426e-01 1.168939098715782166e-02
-2.899298071861267090e-01 -2.484662532806396484e-01 2.200618982315063477e-01 1.881706863641738892e-01 2.582307457923889160e-01 -2.630783319473266602e-01 2.377360612154006958e-01 1.317960396409034729e-02
-3.742878437042236328e-01 -2.956858277320861816e-01 2.929125130176544189e-01 2.069703936576843262e-01 3.513454794883728027e-01 -3.401562571525573730e-01 3.151026368141174316e-01 1.364554837346076965e-02
-2.418412715196609497e-01 -2.163095176219940186e-01 1.699477285146713257e-01 1.564668416976928711e-01 1.992026120424270630e-01 -2.062548547983169556e-01 2.042458206415176392e-01 1.643868163228034973e-02
-3.728906512260437012e-01 -2.993340194225311279e-01 2.922876477241516113e-01 2.155004441738128662e-01 3.489472270011901855e-01 -3.411648869514465332e-01 3.110449910163879395e-01 1.468815281987190247e-02
-3.607217669486999512e-01 -2.852183580398559570e-01 2.942416667938232422e-01 2.199441045522689819e-01 3.541746735572814941e-01 -3.435740768909454346e-01 2.975670695304870605e-01 7.659714668989181519e-03
-3.312451839447021484e-01 -2.653951346874237061e-01 2.660121321678161621e-01 1.975345015525817871e-01 3.141533732414245605e-01 -3.132324516773223877e-01 2.682144641876220703e-01 3.734000027179718018e-03
-3.380864858627319336e-01 -2.602709531784057617e-01 2.773261964321136475e-01 1.950665265321731567e-01 3.361641764640808105e-01 -3.232870101928710938e-01 2.808403372764587402e-01 6.883852183818817139e-04
-3.926253318786621094e-01 -3.112387657165527344e-01 3.162924051284790039e-01 2.349917888641357422e-01 3.809410929679870605e-01 -3.675122857093811035e-01 3.270902633666992188e-01 1.441767439246177673e-02
-3.532350659370422363e-01 -2.878567576408386230e-01 2.813885807991027832e-01 2.183731198310852051e-01 3.333299756050109863e-01 -3.311621844768524170e-01 2.881928086280822754e-01 1.092898473143577576e-02
