8.760856091976165771e-02 9.581022709608078003e-02 -6.509732455015182495e-02 -1.211181506514549255e-01 -9.760293364524841309e-02 1.020952165126800537e-01 -8.256590366363525391e-02 2.293496951460838318e-02
1.197694242000579834e-01 8.781941235065460205e-02 -9.180580079555511475e-02 -7.613062113523483276e-02 -1.321366578340530396e-01 1.068254485726356506e-01 -1.212232410907745361e-01 9.266022592782974243e-03
-7.860690355300903320e-03 5.108740925788879395e-02 3.953758627176284790e-02 -7.703704386949539185e-02 2.805162966251373291e-02 1.008202321827411652e-02 -9.225964546203613281e-03 3.575725480914115906e-02
-2.268241792917251587e-01 -5.738827213644981384e-02 2.677304148674011230e-01 6.691165268421173096e-03 3.054829835891723633e-01 -2.178682386875152588e-01 1.607803255319595337e-01 2.682228013873100281e-02
-2.042377740144729614e-01 -3.322608396410942078e-02 2.493808865547180176e-01 -2.561835199594497681e-02 2.814558148384094238e-01 -1.888990104198455811e-01 1.446801871061325073e-01 4.060729220509529114e-02
7.491514086723327637e-02 1.009962856769561768e-01 -3.464835882186889648e-02 -1.192353442311286926e-01 -6.909959763288497925e-02 8.588648587465286255e-02 -8.378747105598449707e-02 3.892758861184120178e-02
1.628173291683197021e-01 1.307443529367446899e-01 -1.600673794746398926e-01 -1.626907289028167725e-01 -1.953784227371215820e-01 1.916514933109283447e-01 -1.149854734539985657e-01 3.055402263998985291e-02
-3.191044926643371582e-02 2.753750607371330261e-02 5.918157100677490234e-02 -5.766352266073226929e-02 4.672384262084960938e-02 -2.002107352018356323e-02 2.622812986373901367e-03 2.443457022309303284e-02
1.644755899906158447e-01 1.236789003014564514e-01 -1.441060453653335571e-01 -1.161802783608436584e-01 -1.900631934404373169e-01 1.752563565969467163e-01 -1.443330049514770508e-01 1.546722277998924255e-02
1.643995642662048340e-01 9.354139864444732666e-02 -1.616458147764205933e-01 -8.415434509515762329e-02 -2.151334732770919800e-01 1.716360598802566528e-01 -1.487270146608352661e-01 1.187238842248916626e-03
-1.907640546560287476e-01 -3.146748244762420654e-02 2.350971400737762451e-01 -1.954802125692367554e-02 2.617369294166564941e-01 -1.767043173313140869e-01 1.298758834600448608e-01 3.671467676758766174e-02
-8.919721841812133789e-02 -8.839024230837821960e-04 1.326812505722045898e-01 -9.951688349246978760e-03 1.364813745021820068e-01 -9.345131367444992065e-02 3.989699482917785645e-02 2.007514610886573792e-02
2.675557136535644531e-01 1.507256925106048584e-01 -2.589251101016998291e-01 -1.062741503119468689e-01 -3.278715014457702637e-01 2.737020552158355713e-01 -2.291328310966491699e-01 -1.132421195507049561e-03
-9.694591164588928223e-03 7.158014178276062012e-02 4.512129724025726318e-02 -1.148541346192359924e-01 3.842911124229431152e-02 1.749769784510135651e-02 4.094541072845458984e-04 4.329339042305946350e-02
1.725682467222213745e-01 1.281509399414062500e-01 -1.312420666217803955e-01 -1.102383807301521301e-01 -1.908609867095947266e-01 1.610679030418395996e-01 -1.743776798248291016e-01 2.557878568768501282e-02
1.726524382829666138e-01 1.276693940162658691e-01 -1.333712041378021240e-01 -1.100330576300621033e-01 -1.922997832298278809e-01 1.632027328014373779e-01 -1.728183627128601074e-01 2.410190179944038391e-02
-7.667335867881774902e-02 1.205009408295154572e-03 1.090382337570190430e-01 -2.589426189661026001e-02 1.061480641365051270e-01 -7.236439734697341919e-02 3.296265006065368652e-02 1.964143291115760803e-02
-1.176244914531707764e-01 1.001560874283313751e-02 1.633604764938354492e-01 -5.424246937036514282e-02 1.753610819578170776e-01 -1.064550653100013733e-01 7.247470319271087646e-02 3.624453768134117126e-02
1.261877268552780151e-02 3.735343366861343384e-02 8.208796381950378418e-03 -5.325826257467269897e-02 -1.304522901773452759e-02 1.899123005568981171e-02 -3.296698629856109619e-02 1.311767473816871643e-02
1.344236433506011963e-01 1.104991063475608826e-01 -1.017004251480102539e-01 -1.015088632702827454e-01 -1.493223905563354492e-01 1.367540955543518066e-01 -1.350115090608596802e-01 2.154185995459556580e-02
1.577874422073364258e-01 1.165666580200195312e-01 -1.214965060353279114e-01 -9.509370476007461548e-02 -1.770932376384735107e-01 1.512348949909210205e-01 -1.611799299716949463e-01 1.752305403351783752e-02
1.908628195524215698e-01 1.030276045203208923e-01 -1.775120794773101807e-01 -7.612139731645584106e-02 -2.404478788375854492e-01 1.808784902095794678e-01 -1.826352328062057495e-01 -3.485810011625289917e-03
2.283782511949539185e-01 1.436687856912612915e-01 -2.258466184139251709e-01 -1.440848112106323242e-01 -2.838860154151916504e-01 2.435039579868316650e-01 -1.837249994277954102e-01 1.504275575280189514e-02
1.972468495368957520e-01 1.011339351534843445e-01 -1.772563904523849487e-01 -6.011366099119186401e-02 -2.341328412294387817e-01 1.689739823341369629e-01 -1.865404695272445679e-01 -6.373271346092224121e-03
2.517936229705810547e-01 1.217106431722640991e-01 -2.433129549026489258e-01 -8.157128840684890747e-02 -3.129262924194335938e-01 2.320637702941894531e-01 -2.239425480365753174e-01 -2.399891614913940430e-03
2.645090818405151367e-01 1.288139820098876953e-01 -2.608189880847930908e-01 -9.579024463891983032e-02 -3.343350291252136230e-01 2.545295059680938721e-01 -2.295224964618682861e-01 8.949723094701766968e-03
1.557478606700897217e-01 7.440377771854400635e-02 -1.615442335605621338e-01 -5.459833890199661255e-02 -2.168193906545639038e-01 1.853141784667968750e-01 -1.373905241489410400e-01 3.361377492547035217e-02
4.762627929449081421e-02 4.535727947950363159e-02 -4.775852710008621216e-02 -6.916672736406326294e-02 -7.254788279533386230e-02 7.635679095983505249e-02 -4.210726916790008545e-02 2.737974002957344055e-02
2.368126213550567627e-01 1.088847890496253967e-01 -2.240960299968719482e-01 -6.225634366273880005e-02 -2.938984632492065430e-01 2.091773450374603271e-01 -2.200377732515335083e-01 -5.636166781187057495e-03
2.547647953033447266e-01 1.448440551757812500e-01 -2.654561698436737061e-01 -1.483572125434875488e-01 -3.327435255050659180e-01 2.862099707126617432e-01 -1.980008333921432495e-01 3.556366637349128723e-02
7.043845951557159424e-03 1.732273958623409271e-02 -6.966292858123779297e-04 -2.507119625806808472e-02 -1.839734613895416260e-02 2.746292948722839355e-02 -1.918596029281616211e-02 2.090632542967796326e-02
-1.291458755731582642e-01 -6.856088526546955109e-03 1.456191092729568481e-01 -5.854774266481399536e-02 1.633746773004531860e-01 -8.419241011142730713e-02 1.046614497900009155e-01 4.781034216284751892e-02
1.174769327044487000e-01 8.603738248348236084e-02 -1.095116138458251953e-01 -7.716908305883407593e-02 -1.409954726696014404e-01 1.332848072052001953e-01 -9.981662780046463013e-02 3.032192587852478027e-03
-1.225894689559936523e-01 -2.510428428649902344e-03 1.527184993028640747e-01 -4.928497225046157837e-02 1.655333787202835083e-01 -9.673725068569183350e-02 8.499599993228912354e-02 3.829086199402809143e-02
1.254186481237411499e-01 7.726887613534927368e-02 -1.362950801849365234e-01 -7.592474669218063354e-02 -1.722222119569778442e-01 1.709435731172561646e-01 -9.320917725563049316e-02 3.329016640782356262e-02
-6.033939123153686523e-02 2.501580491662025452e-02 8.846312761306762695e-02 -6.046431511640548706e-02 8.690486848354339600e-02 -3.147133439779281616e-02 3.451262414455413818e-02 3.970393911004066467e-02
2.121926546096801758e-01 1.186652332544326782e-01 -2.147482484579086304e-01 -1.053493991494178772e-01 -2.611475586891174316e-01 2.123806029558181763e-01 -1.667424142360687256e-01 -3.988660871982574463e-03
1.122129186987876892e-01 9.451074153184890747e-02 -1.136599779129028320e-01 -1.111131086945533752e-01 -1.436316221952438354e-01 1.514046192169189453e-01 -8.310286700725555420e-02 1.839185878634452820e-02
2.550599575042724609e-01 1.514771729707717896e-01 -2.543258666992187500e-01 -1.149978265166282654e-01 -3.072351813316345215e-01 2.696392834186553955e-01 -2.005185484886169434e-01 -8.016187697649002075e-03
2.963794469833374023e-01 1.758650690317153931e-01 -2.960495650768280029e-01 -1.331607997417449951e-01 -3.577093482017517090e-01 3.161002993583679199e-01 -2.322267144918441772e-01 -5.615551024675369263e-03
2.735818028450012207e-01 1.641972661018371582e-01 -2.637634575366973877e-01 -1.139707490801811218e-01 -3.220140039920806885e-01 2.768783569335937500e-01 -2.248727977275848389e-01 -2.063764631748199463e-02
2.396105229854583740e-01 1.332501620054244995e-01 -2.225793004035949707e-01 -7.513240724802017212e-02 -2.822753787040710449e-01 2.236310988664627075e-01 -2.153336107730865479e-01 -2.762907184660434723e-02
2.445697933435440063e-01 1.344671398401260376e-01 -2.564499676227569580e-01 -1.339930891990661621e-01 -3.219174742698669434e-01 2.725060284137725830e-01 -1.921511143445968628e-01 2.781645581126213074e-02
2.402869611978530884e-01 1.362682580947875977e-01 -2.176425755023956299e-01 -6.606594473123550415e-02 -2.707130312919616699e-01 2.155214399099349976e-01 -2.146175950765609741e-01 -3.702630847692489624e-02
2.608016729354858398e-01 1.447761952877044678e-01 -2.492068111896514893e-01 -7.937771826982498169e-02 -3.044455349445343018e-01 2.534943222999572754e-01 -2.194093763828277588e-01 -2.438353374600410461e-02
7.422120869159698486e-02 2.751602977514266968e-02 -8.102342486381530762e-02 -1.868467777967453003e-02 -1.136482357978820801e-01 9.327604621648788452e-02 -6.923057138919830322e-02 2.318537607789039612e-02
2.673254013061523438e-01 1.602669209241867065e-01 -2.562257945537567139e-01 -1.122932210564613342e-01 -3.149119019508361816e-01 2.665824592113494873e-01 -2.229601591825485229e-01 -2.322883158922195435e-02
1.639177203178405762e-01 6.477366387844085693e-02 -1.628222167491912842e-01 -3.625773638486862183e-02 -2.147968411445617676e-01 1.499017030000686646e-01 -1.511925458908081055e-01 4.214361310005187988e-03
1.374193876981735229e-01 6.786737591028213501e-02 -1.346041113138198853e-01 -3.735194355249404907e-02 -1.859826445579528809e-01 1.631980389356613159e-01 -1.284369081258773804e-01 3.413912281394004822e-02
2.938983738422393799e-01 1.363811492919921875e-01 -3.092072904109954834e-01 -7.515605539083480835e-02 -3.750343918800354004e-01 3.203900754451751709e-01 -2.286186516284942627e-01 1.698119565844535828e-02
3.210104703903198242e-01 1.762453913688659668e-01 -3.366970121860504150e-01 -1.320611536502838135e-01 -3.990218043327331543e-01 3.580752909183502197e-01 -2.362011820077896118e-01 1.064884290099143982e-02
1.291647106409072876e-01 6.191600114107131958e-02 -1.184255927801132202e-01 -2.218287438154220581e-02 -1.635521948337554932e-01 1.257658153772354126e-01 -1.296526491641998291e-01 -7.421411573886871338e-04
2.274221926927566528e-01 1.226523071527481079e-01 -2.414258420467376709e-01 -9.296763688325881958e-02 -2.945605516433715820e-01 2.678048312664031982e-01 -1.724662631750106812e-01 2.059868350625038147e-02
7.103148847818374634e-02 3.830425813794136047e-02 -7.192257791757583618e-02 -2.985525876283645630e-02 -1.051515117287635803e-01 1.008450016379356384e-01 -6.741564720869064331e-02 3.511185571551322937e-02
1.729848682880401611e-01 1.040817052125930786e-01 -1.624324619770050049e-01 -7.240269333124160767e-02 -2.082153111696243286e-01 1.773470789194107056e-01 -1.521145850419998169e-01 -3.761503845453262329e-03
2.150277346372604370e-01 1.067342087626457214e-01 -2.223653197288513184e-01 -6.955451518297195435e-02 -2.804678082466125488e-01 2.476693689823150635e-01 -1.739090979099273682e-01 3.461785987019538879e-02
2.687569856643676758e-01 1.238885223865509033e-01 -2.669163644313812256e-01 -4.897851496934890747e-02 -3.337466120719909668e-01 2.763908207416534424e-01 -2.275669127702713013e-01 1.203386113047599792e-02
2.655825614929199219e-01 1.160345822572708130e-01 -2.677621841430664062e-01 -4.315262287855148315e-02 -3.328289687633514404e-01 2.694725096225738525e-01 -2.231302857398986816e-01 7.867332547903060913e-03
3.097874522209167480e-01 1.673904508352279663e-01 -3.257935345172882080e-01 -1.218959912657737732e-01 -3.888635039329528809e-01 3.467883467674255371e-01 -2.314806282520294189e-01 7.722046226263046265e-03
1.650582998991012573e-01 8.356083929538726807e-02 -1.461457759141921997e-01 -2.932950109243392944e-02 -1.986968666315078735e-01 1.497392207384109497e-01 -1.653704792261123657e-01 -1.249184459447860718e-02
3.153024911880493164e-01 1.545678526163101196e-01 -3.348171114921569824e-01 -9.695240110158920288e-02 -4.033055305480957031e-01 3.584955334663391113e-01 -2.372876107692718506e-01 2.926768735051155090e-02
2.046124637126922607e-01 9.891685098409652710e-02 -1.972703039646148682e-01 -5.035046488046646118e-02 -2.669700682163238525e-01 2.181690186262130737e-01 -1.923991143703460693e-01 2.104530856013298035e-02
2.994954586029052734e-01 1.446602642536163330e-01 -3.143189251422882080e-01 -8.163265138864517212e-02 -3.776399493217468262e-01 3.285209834575653076e-01 -2.294501066207885742e-01 1.374233141541481018e-02
2.603015303611755371e-01 1.372416466474533081e-01 -2.824594974517822266e-01 -1.113193109631538391e-01 -3.446885049343109131e-01 3.168143630027770996e-01 -1.921641379594802856e-01 3.888449445366859436e-02
2.601582407951354980e-01 1.250274926424026489e-01 -2.721858918666839600e-01 -6.903066486120223999e-02 -3.330030441284179688e-01 2.951986193656921387e-01 -2.027762830257415771e-01 2.871106937527656555e-02
1.704910248517990112e-01 8.727551996707916260e-02 -1.761165261268615723e-01 -5.797883123159408569e-02 -2.309785336256027222e-01 2.119351476430892944e-01 -1.438866704702377319e-01 4.135970398783683777e-02
2.865716814994812012e-01 1.450311690568923950e-01 -2.917026877403259277e-01 -8.648515492677688599e-02 -3.685727715492248535e-01 3.238594233989715576e-01 -2.369825392961502075e-01 3.147461637854576111e-02
1.638752818107604980e-01 8.568947017192840576e-02 -1.659529805183410645e-01 -6.022632867097854614e-02 -2.213384956121444702e-01 1.987549662590026855e-01 -1.429150700569152832e-01 3.777103498578071594e-02
2.241563200950622559e-01 1.077694445848464966e-01 -2.213491052389144897e-01 -4.801771789789199829e-02 -2.833229303359985352e-01 2.418682277202606201e-01 -1.937361359596252441e-01 2.214647457003593445e-02
2.684547901153564453e-01 1.174025014042854309e-01 -2.747231125831604004e-01 -4.362503439188003540e-02 -3.370187878608703613e-01 2.763155996799468994e-01 -2.203325927257537842e-01 3.665484488010406494e-03
2.645423412322998047e-01 1.164317950606346130e-01 -2.683731317520141602e-01 -4.058346897363662720e-02 -3.327677845954895020e-01 2.741280198097229004e-01 -2.211929261684417725e-01 6.362114101648330688e-03
3.002988100051879883e-01 1.506347656250000000e-01 -3.128176033496856689e-01 -9.096980839967727661e-02 -3.767975568771362305e-01 3.297404348850250244e-01 -2.310084700584411621e-01 1.298158988356590271e-02
2.898818254470825195e-01 1.354935765266418457e-01 -2.988846600055694580e-01 -6.765458732843399048e-02 -3.660316467285156250e-01 3.130779564380645752e-01 -2.312617003917694092e-01 1.982473209500312805e-02
2.145943492650985718e-01 1.078323051333427429e-01 -2.224401086568832397e-01 -6.761027127504348755e-02 -2.808187305927276611e-01 2.526929676532745361e-01 -1.735080033540725708e-01 3.532802686095237732e-02
2.482841908931732178e-02 9.185451082885265350e-03 -2.677909471094608307e-02 9.662583470344543457e-04 -3.096446394920349121e-02 1.220976747572422028e-02 -2.495332062244415283e-02 -3.469469398260116577e-02
6.444754451513290405e-02 3.872551396489143372e-02 -5.381222069263458252e-02 -1.722160726785659790e-02 -6.890770792961120605e-02 4.237895086407661438e-02 -6.612024456262588501e-02 -3.715216368436813354e-02
-3.592358231544494629e-01 -1.736457645893096924e-01 3.675384819507598877e-01 1.399335265159606934e-01 4.974637627601623535e-01 -4.053246974945068359e-01 3.251598477363586426e-01 -5.735522136092185974e-02
-2.817396521568298340e-01 -1.455312371253967285e-01 2.991721928119659424e-01 1.476974189281463623e-01 4.026876688003540039e-01 -3.386535644531250000e-01 2.445108145475387573e-01 -5.564206466078758240e-02
-2.778424620628356934e-01 -1.319169551134109497e-01 2.871688604354858398e-01 1.126349568367004395e-01 3.936408758163452148e-01 -3.207850456237792969e-01 2.536379098892211914e-01 -5.531964451074600220e-02
-2.924266457557678223e-02 6.094248965382575989e-04 3.990212082862854004e-02 4.553340375423431396e-03 6.312447786331176758e-02 -5.525442957878112793e-02 2.733403444290161133e-02 -4.570669680833816528e-02
-7.458658516407012939e-02 -1.890848577022552490e-02 7.077626883983612061e-02 -5.703583359718322754e-03 1.135675162076950073e-01 -8.525519818067550659e-02 8.606596291065216064e-02 -3.778949752449989319e-02
-8.905024826526641846e-02 -5.726899579167366028e-02 7.907316088676452637e-02 5.178298056125640869e-02 1.109961569309234619e-01 -1.003968045115470886e-01 8.199720084667205811e-02 -3.155142441391944885e-02
-2.325812727212905884e-01 -1.173030585050582886e-01 2.327725887298583984e-01 9.011351317167282104e-02 3.135641813278198242e-01 -2.630412876605987549e-01 2.084156423807144165e-01 -4.525893181562423706e-02
4.139583557844161987e-02 7.993858307600021362e-03 -4.742024838924407959e-02 5.402132868766784668e-03 -6.300990283489227295e-02 3.273590281605720520e-02 -4.415431618690490723e-02 -2.883973345160484314e-02
-2.597661018371582031e-01 -1.298986971378326416e-01 2.841018736362457275e-01 1.404511630535125732e-01 3.820241689682006836e-01 -3.228750526905059814e-01 2.214052230119705200e-01 -5.977828428149223328e-02
-2.005955427885055542e-01 -1.034332811832427979e-01 2.361078858375549316e-01 1.388870477676391602e-01 3.118640780448913574e-01 -2.759434878826141357e-01 1.553280800580978394e-01 -6.313797086477279663e-02
-2.267687469720840454e-01 -1.330980807542800903e-01 2.291291654109954834e-01 1.249421089887619019e-01 2.981430292129516602e-01 -2.659930884838104248e-01 1.876720935106277466e-01 -4.447000473737716675e-02
-1.433588713407516479e-01 -6.259357929229736328e-02 1.582578122615814209e-01 6.630371510982513428e-02 2.183744162321090698e-01 -1.842739731073379517e-01 1.250411123037338257e-01 -5.446520447731018066e-02
2.608221769332885742e-02 2.346000447869300842e-02 -8.222173899412155151e-03 3.057569265365600586e-03 -8.006028831005096436e-03 -8.050283417105674744e-03 -3.543451428413391113e-02 -5.148795619606971741e-02
-1.297007501125335693e-02 3.399338573217391968e-03 2.635204792022705078e-02 1.174282282590866089e-02 4.214809834957122803e-02 -4.480865597724914551e-02 6.946712732315063477e-03 -4.744100570678710938e-02
-1.465581506490707397e-01 -9.502362459897994995e-02 1.500411778688430786e-01 1.055875122547149658e-01 1.950442939996719360e-01 -1.819816529750823975e-01 1.159577220678329468e-01 -3.952799364924430847e-02
-2.155673950910568237e-01 -1.147191673517227173e-01 2.283333837985992432e-01 1.174160242080688477e-01 3.043277859687805176e-01 -2.631636261940002441e-01 1.818873137235641479e-01 -5.165408179163932800e-02
-1.118377596139907837e-02 -2.785233035683631897e-02 8.592866361141204834e-04 3.559885174036026001e-02 -2.258054912090301514e-03 -2.003744617104530334e-02 6.788223981857299805e-04 -2.593055926263332367e-02
-1.442184895277023315e-01 -6.679227203130722046e-02 1.559794545173645020e-01 6.798003613948822021e-02 2.134449332952499390e-01 -1.822910457849502563e-01 1.247687190771102905e-01 -5.219294503331184387e-02
-8.055344223976135254e-02 -3.628223761916160583e-02 9.363988041877746582e-02 4.386668652296066284e-02 1.256719380617141724e-01 -1.163347810506820679e-01 6.204874813556671143e-02 -4.676011949777603149e-02
6.176701188087463379e-02 2.730219811201095581e-02 -6.531163305044174194e-02 -1.501957327127456665e-02 -8.313955366611480713e-02 5.351447314023971558e-02 -5.874887853860855103e-02 -3.235862404108047485e-02
6.102214008569717407e-02 4.378411546349525452e-02 -7.315298169851303101e-02 -6.070435792207717896e-02 -7.631000876426696777e-02 6.714843213558197021e-02 -3.110104799270629883e-02 -1.959109306335449219e-02
3.575709462165832520e-02 1.085833739489316940e-02 -2.331536263227462769e-02 1.520924270153045654e-02 -3.000644594430923462e-02 1.903050113469362259e-03 -4.278652369976043701e-02 -2.682561241090297699e-02
5.203805491328239441e-02 1.761434599757194519e-02 -5.420684814453125000e-02 -1.213327795267105103e-02 -6.274834275245666504e-02 3.654785454273223877e-02 -4.021020233631134033e-02 -7.384765893220901489e-03
1.570218205451965332e-01 5.811547115445137024e-02 -1.547810882329940796e-01 -2.315979450941085815e-02 -2.037440538406372070e-01 1.383751332759857178e-01 -1.468265354633331299e-01 -1.017943024635314941e-03
7.262064516544342041e-02 -1.117397751659154892e-02 -9.854796528816223145e-02 2.150610089302062988e-02 -1.374890506267547607e-01 8.424680680036544800e-02 -6.998641788959503174e-02 1.861197873950004578e-02
1.208542883396148682e-01 4.689617455005645752e-02 -1.191033795475959778e-01 -1.768278330564498901e-02 -1.634013950824737549e-01 1.084924861788749695e-01 -1.227886825799942017e-01 -1.816812530159950256e-02
2.505975961685180664e-02 -5.559743382036685944e-03 -1.677346229553222656e-02 3.181034326553344727e-02 -2.252794057130813599e-02 -9.301498532295227051e-03 -3.353866934776306152e-02 -1.937090232968330383e-02
1.026441752910614014e-01 5.438731238245964050e-02 -1.229501888155937195e-01 -7.266686111688613892e-02 -1.384017616510391235e-01 1.192526891827583313e-01 -5.878466367721557617e-02 8.028481155633926392e-03
-2.907505631446838379e-01 -1.657943725585937500e-01 3.012021780014038086e-01 1.624172925949096680e-01 3.909862637519836426e-01 -3.394543826580047607e-01 2.403632849454879761e-01 -4.240287095308303833e-02
-3.493524789810180664e-01 -1.864248365163803101e-01 3.534970879554748535e-01 1.635872721672058105e-01 4.720059037208557129e-01 -3.925897181034088135e-01 3.090257644653320312e-01 -4.579203575849533081e-02
-3.300403356552124023e-01 -1.791368126869201660e-01 3.375557363033294678e-01 1.619516909122467041e-01 4.439380764961242676e-01 -3.750070035457611084e-01 2.832716703414916992e-01 -4.346035420894622803e-02
-2.094510644674301147e-01 -1.130121052265167236e-01 2.101709246635437012e-01 1.031932681798934937e-01 2.850589156150817871e-01 -2.400126606225967407e-01 1.870759278535842896e-01 -4.203593730926513672e-02
-3.547292351722717285e-01 -2.002824842929840088e-01 3.514752984046936035e-01 1.716746389865875244e-01 4.616211652755737305e-01 -3.897561728954315186e-01 3.085825443267822266e-01 -3.619352355599403381e-02
-2.923859357833862305e-01 -1.478841602802276611e-01 3.140037357807159424e-01 1.490901410579681396e-01 4.188421964645385742e-01 -3.529088795185089111e-01 2.496308833360671997e-01 -5.728385969996452332e-02
-1.445020586252212524e-01 -9.123422205448150635e-02 1.440126150846481323e-01 8.640426397323608398e-02 1.916825920343399048e-01 -1.775178611278533936e-01 1.231068223714828491e-01 -3.056999854743480682e-02
-3.486013412475585938e-01 -1.826986670494079590e-01 3.527198731899261475e-01 1.542219221591949463e-01 4.700478911399841309e-01 -3.915845155715942383e-01 3.079059720039367676e-01 -4.827633872628211975e-02
-2.919301390647888184e-01 -1.888676732778549194e-01 2.464311122894287109e-01 1.194351539015769958e-01 3.225509524345397949e-01 -2.788420915603637695e-01 2.682429552078247070e-01 -1.151229068636894226e-02
-3.349482417106628418e-01 -2.397389709949493408e-01 2.846968173980712891e-01 1.804827749729156494e-01 3.577792048454284668e-01 -3.272773921489715576e-01 2.881434559822082520e-01 -7.329992949962615967e-03
-3.470770716667175293e-01 -1.935144811868667603e-01 3.325271606445312500e-01 1.466147303581237793e-01 4.403862953186035156e-01 -3.679614365100860596e-01 3.107847571372985840e-01 -3.495986759662628174e-02
-2.127102464437484741e-01 -1.308890134096145630e-01 2.252887785434722900e-01 1.412111073732376099e-01 2.863954901695251465e-01 -2.664217650890350342e-01 1.625045090913772583e-01 -4.872995615005493164e-02
-2.028952389955520630e-01 -1.418604254722595215e-01 1.511573046445846558e-01 7.375061511993408203e-02 2.052998989820480347e-01 -1.731428951025009155e-01 2.035030275583267212e-01 1.235233619809150696e-02
-1.342175006866455078e-01 -1.064517870545387268e-01 1.345624327659606934e-01 1.186187863349914551e-01 1.572063714265823364e-01 -1.713093966245651245e-01 8.569745719432830811e-02 -3.711577504873275757e-02
-2.512582540512084961e-01 -1.839604824781417847e-01 2.187027931213378906e-01 1.458393931388854980e-01 2.669446468353271484e-01 -2.583038210868835449e-01 2.025010436773300171e-01 -2.024296671152114868e-02
-5.435450375080108643e-02 -9.267553687095642090e-02 1.892690360546112061e-02 9.330144524574279785e-02 8.099257946014404297e-03 -4.287608712911605835e-02 3.236316144466400146e-02 4.949759691953659058e-03
-2.372403591871261597e-01 -1.356431096792221069e-01 2.306198179721832275e-01 1.113760471343994141e-01 3.036165833473205566e-01 -2.635884284973144531e-01 2.056377381086349487e-01 -3.973292186856269836e-02
1.291137784719467163e-01 4.189080372452735901e-02 -1.344099938869476318e-01 -1.891391724348068237e-02 -1.753440499305725098e-01 1.175558418035507202e-01 -1.172939315438270569e-01 6.635524332523345947e-04
-3.256686925888061523e-01 -2.448596656322479248e-01 2.646564543247222900e-01 1.786530017852783203e-01 3.279188871383666992e-01 -3.030463457107543945e-01 2.811172008514404297e-01 7.431756705045700073e-03
-3.786132931709289551e-01 -2.872116267681121826e-01 3.167790472507476807e-01 2.229980230331420898e-01 3.887957930564880371e-01 -3.663352727890014648e-01 3.175103068351745605e-01 3.661464899778366089e-03
-2.823385596275329590e-01 -2.303195297718048096e-01 2.474907934665679932e-01 2.135675251483917236e-01 2.958601117134094238e-01 -2.962484657764434814e-01 2.179448753595352173e-01 -6.956305354833602905e-03
-2.738553881645202637e-01 -1.569329053163528442e-01 2.883586883544921875e-01 1.604662090539932251e-01 3.714725971221923828e-01 -3.252026140689849854e-01 2.211604863405227661e-01 -4.165999591350555420e-02
-3.043826818466186523e-01 -1.952102482318878174e-01 2.915109694004058838e-01 1.742639243602752686e-01 3.741835951805114746e-01 -3.300811946392059326e-01 2.565893530845642090e-01 -2.250106260180473328e-02
-2.707285284996032715e-01 -1.784187555313110352e-01 2.716870009899139404e-01 1.800803840160369873e-01 3.409339785575866699e-01 -3.118516504764556885e-01 2.123734503984451294e-01 -2.932384982705116272e-02
-2.298175543546676636e-01 -1.426708698272705078e-01 2.370978593826293945e-01 1.488352268934249878e-01 3.040910363197326660e-01 -2.740185856819152832e-01 1.836003810167312622e-01 -3.636142611503601074e-02
-3.872337937355041504e-01 -3.000133335590362549e-01 3.215862810611724854e-01 2.373079955577850342e-01 3.930457830429077148e-01 -3.709936439990997314e-01 3.242594599723815918e-01 1.181698963046073914e-02
-3.166217207908630371e-01 -2.681984603404998779e-01 2.571917772293090820e-01 2.240239232778549194e-01 3.013620376586914062e-01 -3.070580959320068359e-01 2.498803883790969849e-01 8.472669869661331177e-03
-2.929813265800476074e-01 -2.418850064277648926e-01 2.502864599227905273e-01 2.157963514328002930e-01 2.970673441886901855e-01 -2.993343770503997803e-01 2.277555018663406372e-01 -2.355296164751052856e-03
-3.752820491790771484e-01 -2.593153417110443115e-01 3.225086927413940430e-01 1.910482347011566162e-01 4.092608094215393066e-01 -3.648185133934020996e-01 3.278805017471313477e-01 -4.535675048828125000e-03
-2.080826610326766968e-01 -1.257570981979370117e-01 2.309752702713012695e-01 1.523064672946929932e-01 2.932041287422180176e-01 -2.689833045005798340e-01 1.544709354639053345e-01 -4.617473483085632324e-02
-4.061855673789978027e-01 -3.192709982395172119e-01 3.205400109291076660e-01 2.252657860517501831e-01 3.848934769630432129e-01 -3.707737028598785400e-01 3.417101502418518066e-01 1.660055294632911682e-02
-1.307230591773986816e-01 -1.418029367923736572e-01 7.893791794776916504e-02 1.143538355827331543e-01 8.218415081501007080e-02 -1.031761243939399719e-01 1.025208979845046997e-01 1.506177708506584167e-02
-3.899203538894653320e-01 -2.969627380371093750e-01 3.156353235244750977e-01 2.108238786458969116e-01 3.826888203620910645e-01 -3.641054332256317139e-01 3.281567096710205078e-01 7.392685860395431519e-03
-2.590195536613464355e-01 -2.086299955844879150e-01 1.952794194221496582e-01 1.443203836679458618e-01 2.349190264940261841e-01 -2.259292304515838623e-01 2.219121307134628296e-01 1.236904785037040710e-02
-4.061364531517028809e-01 -3.202021420001983643e-01 3.206458985805511475e-01 2.278065979480743408e-01 3.851608037948608398e-01 -3.710736930370330811e-01 3.416086435317993164e-01 1.725616678595542908e-02
-1.764397174119949341e-01 -1.819324195384979248e-01 1.159116923809051514e-01 1.472463905811309814e-01 1.251776367425918579e-01 -1.498800367116928101e-01 1.379370838403701782e-01 1.503002271056175232e-02
-2.732415199279785156e-01 -2.350661605596542358e-01 2.009572833776473999e-01 1.691702902317047119e-01 2.346642464399337769e-01 -2.406709641218185425e-01 2.264112085103988647e-01 1.283382251858711243e-02
-1.598622947931289673e-01 -1.667616665363311768e-01 1.057260781526565552e-01 1.401535868644714355e-01 1.152061372995376587e-01 -1.380906254053115845e-01 1.246729642152786255e-01 1.183911040425300598e-02
-3.373119831085205078e-01 -2.752457261085510254e-01 2.586917281150817871e-01 1.958152055740356445e-01 3.074911832809448242e-01 -3.032063841819763184e-01 2.823387384414672852e-01 1.483191177248954773e-02
-3.895053267478942871e-01 -3.026663959026336670e-01 3.180021047592163086e-01 2.280370593070983887e-01 3.851546049118041992e-01 -3.685991466045379639e-01 3.249865770339965820e-01 9.599853307008743286e-03
-3.289476633071899414e-01 -2.574076652526855469e-01 2.709649205207824707e-01 1.950658559799194336e-01 3.223994374275207520e-01 -3.183264732360839844e-01 2.654370665550231934e-01 -1.969646662473678589e-03
-3.384891748428344727e-01 -2.631187736988067627e-01 2.770702242851257324e-01 1.958178877830505371e-01 3.314551711082458496e-01 -3.239544034004211426e-01 2.766180038452148438e-01 2.999976277351379395e-04
-3.749104738235473633e-01 -3.021261096000671387e-01 3.014878630638122559e-01 2.338699400424957275e-01 3.621057271957397461e-01 -3.521037399768829346e-01 3.105927705764770508e-01 1.463896408677101135e-02
-3.059552907943725586e-01 -2.616537511348724365e-01 2.338660359382629395e-01 1.997269690036773682e-01 2.737842202186584473e-01 -2.785147428512573242e-01 2.498685568571090698e-01 1.512357220053672791e-02
