1.958160847425460815e-02 5.186562240123748779e-02 5.496345460414886475e-03 -8.224355429410934448e-02 -1.221413910388946533e-02 2.375802770256996155e-02 -3.042483329772949219e-02 2.791680768132209778e-02
1.187754124402999878e-01 8.113975822925567627e-02 -9.217848628759384155e-02 -7.255438715219497681e-02 -1.332468986511230469e-01 1.011665463447570801e-01 -1.204356774687767029e-01 1.400660350918769836e-02
-1.240729540586471558e-01 7.454409729689359665e-03 1.661241352558135986e-01 -5.684743076562881470e-02 1.791183501482009888e-01 -1.052330210804939270e-01 8.063627779483795166e-02 4.021738097071647644e-02
-1.504342705011367798e-01 -1.531447563320398331e-02 1.878844946622848511e-01 -3.218362480401992798e-02 2.031439989805221558e-01 -1.306989938020706177e-01 9.780852496623992920e-02 3.278018906712532043e-02
-2.285621911287307739e-01 -4.321422427892684937e-02 2.786157131195068359e-01 -1.818967610597610474e-02 3.159628510475158691e-01 -2.202621698379516602e-01 1.607609540224075317e-01 3.667926415801048279e-02
-3.363493084907531738e-02 5.151551589369773865e-02 6.986690312623977661e-02 -1.015546694397926331e-01 6.204794347286224365e-02 -1.603250205516815186e-02 1.136614382266998291e-02 4.149990901350975037e-02
2.236410975456237793e-01 1.409499347209930420e-01 -2.119593471288681030e-01 -1.441940665245056152e-01 -2.747376263141632080e-01 2.278401106595993042e-01 -1.891353726387023926e-01 2.634190395474433899e-02
-1.428791731595993042e-01 -2.020938321948051453e-02 1.675795763731002808e-01 -4.028341919183731079e-02 1.852557808160781860e-01 -1.215004250407218933e-01 1.034376770257949829e-01 3.373553976416587830e-02
1.459157466888427734e-01 1.118656918406486511e-01 -1.249809116125106812e-01 -1.099203005433082581e-01 -1.689210832118988037e-01 1.496093124151229858e-01 -1.332842111587524414e-01 8.599389344453811646e-03
4.725961387157440186e-02 3.711275756359100342e-02 -3.676667809486389160e-02 -4.697091132402420044e-02 -6.273201853036880493e-02 4.762990027666091919e-02 -5.479794740676879883e-02 1.145840808749198914e-02
-2.076246291399002075e-01 -3.123454749584197998e-02 2.496629357337951660e-01 -3.592445701360702515e-02 2.795941829681396484e-01 -1.838375627994537354e-01 1.476425081491470337e-01 4.131002351641654968e-02
-1.101898103952407837e-01 8.410763926804065704e-03 1.595066934823989868e-01 -3.642890602350234985e-02 1.673016995191574097e-01 -1.050703302025794983e-01 5.815298855304718018e-02 2.754288539290428162e-02
1.883126497268676758e-01 1.136364266276359558e-01 -1.694128066301345825e-01 -7.850632816553115845e-02 -2.248533368110656738e-01 1.798834949731826782e-01 -1.772876232862472534e-01 -1.214016973972320557e-02
-1.184948235750198364e-01 2.183421328663825989e-02 1.613958626985549927e-01 -8.485076576471328735e-02 1.753497868776321411e-01 -9.617082029581069946e-02 8.132480084896087646e-02 4.362271353602409363e-02
4.790391027927398682e-02 7.123900949954986572e-02 -8.828129619359970093e-03 -8.475743979215621948e-02 -3.710812330245971680e-02 4.160884767770767212e-02 -6.632792949676513672e-02 2.765053883194923401e-02
1.342639327049255371e-01 1.097023263573646545e-01 -1.085696592926979065e-01 -1.226680204272270203e-01 -1.511443555355072021e-01 1.337288171052932739e-01 -1.229420751333236694e-01 2.758203819394111633e-02
-1.646670848131179810e-01 -5.092900618910789490e-02 1.927186846733093262e-01 1.386918872594833374e-02 2.131175547838211060e-01 -1.642926037311553955e-01 1.081845909357070923e-01 1.409669592976570129e-02
-2.419748157262802124e-01 -3.670025616884231567e-02 2.855355441570281982e-01 -4.848503321409225464e-02 3.289347290992736816e-01 -2.157419770956039429e-01 1.840611547231674194e-01 4.604852572083473206e-02
3.439740091562271118e-02 4.716980829834938049e-02 -3.412912786006927490e-02 -8.420383185148239136e-02 -5.714140087366104126e-02 7.148396223783493042e-02 -2.889263629913330078e-02 3.730265423655509949e-02
1.698289811611175537e-02 6.884413957595825195e-02 1.755821704864501953e-02 -9.560289233922958374e-02 -1.574218273162841797e-03 3.091858327388763428e-02 -3.341372311115264893e-02 2.851307764649391174e-02
1.322972774505615234e-01 9.956978261470794678e-02 -1.070163622498512268e-01 -9.804425388574600220e-02 -1.550872027873992920e-01 1.309845894575119019e-01 -1.313789933919906616e-01 1.809018477797508240e-02
1.696681827306747437e-01 8.801390230655670166e-02 -1.660287082195281982e-01 -7.802673429250717163e-02 -2.200271487236022949e-01 1.673322021961212158e-01 -1.524553745985031128e-01 1.016004011034965515e-02
2.262053191661834717e-01 1.397809684276580811e-01 -2.287750989198684692e-01 -1.488576829433441162e-01 -2.896883189678192139e-01 2.465895116329193115e-01 -1.813466548919677734e-01 1.912677660584449768e-02
2.711016237735748291e-01 1.387552171945571899e-01 -2.645866274833679199e-01 -1.115078106522560120e-01 -3.395136594772338867e-01 2.605878412723541260e-01 -2.344866245985031128e-01 1.167188957333564758e-02
2.800245285034179688e-01 1.419157683849334717e-01 -2.828590273857116699e-01 -1.204945966601371765e-01 -3.565458655357360840e-01 2.788923382759094238e-01 -2.324816286563873291e-01 1.141867414116859436e-02
2.484476268291473389e-01 1.138434633612632751e-01 -2.456097900867462158e-01 -7.739845663309097290e-02 -3.199629783630371094e-01 2.372888177633285522e-01 -2.226390987634658813e-01 5.445264279842376709e-03
2.047291547060012817e-01 1.038443222641944885e-01 -2.025570422410964966e-01 -6.920880824327468872e-02 -2.716564834117889404e-01 2.253744602203369141e-01 -1.868825703859329224e-01 2.140111848711967468e-02
1.135907992720603943e-01 4.919801652431488037e-02 -1.050077751278877258e-01 -2.816865593194961548e-02 -1.518143415451049805e-01 1.016821190714836121e-01 -1.204123049974441528e-01 6.772950291633605957e-05
2.725169956684112549e-01 1.336755603551864624e-01 -2.716341018676757812e-01 -1.021571978926658630e-01 -3.434395492076873779e-01 2.644544541835784912e-01 -2.304799705743789673e-01 8.648429065942764282e-03
3.095647096633911133e-01 1.622673869132995605e-01 -3.298994004726409912e-01 -1.646311283111572266e-01 -4.121327996253967285e-01 3.415107727050781250e-01 -2.408687621355056763e-01 3.266634419560432434e-02
7.217539846897125244e-02 5.732953175902366638e-02 -6.179879233241081238e-02 -5.597735196352005005e-02 -9.711669385433197021e-02 9.559420496225357056e-02 -7.577654719352722168e-02 2.397160604596138000e-02
-7.432611286640167236e-02 1.328726485371589661e-02 1.014011204242706299e-01 -5.162975937128067017e-02 9.697251021862030029e-02 -4.665345698595046997e-02 3.906942903995513916e-02 3.623903170228004456e-02
2.027080059051513672e-01 1.307666450738906860e-01 -1.967717707157135010e-01 -1.067889705300331116e-01 -2.412586212158203125e-01 2.166350632905960083e-01 -1.627047657966613770e-01 -4.273366183042526245e-03
-7.700598239898681641e-02 1.094512268900871277e-02 1.046111732721328735e-01 -4.762548953294754028e-02 1.015016138553619385e-01 -5.138062685728073120e-02 4.108577966690063477e-02 3.486065194010734558e-02
1.785828769207000732e-01 1.149190440773963928e-01 -1.799400746822357178e-01 -1.108584329485893250e-01 -2.282187640666961670e-01 2.121623158454895020e-01 -1.424894183874130249e-01 2.512078359723091125e-02
-1.152211725711822510e-01 1.519241277128458023e-02 1.460470855236053467e-01 -7.742039114236831665e-02 1.574431508779525757e-01 -7.622953504323959351e-02 8.368940651416778564e-02 4.808859154582023621e-02
3.000846803188323975e-01 1.712668985128402710e-01 -3.053630888462066650e-01 -1.613109111785888672e-01 -3.790242075920104980e-01 3.158402740955352783e-01 -2.385146915912628174e-01 1.189305260777473450e-02
8.623605966567993164e-02 9.183738380670547485e-02 -7.807242125272750854e-02 -1.059896275401115417e-01 -9.567275643348693848e-02 1.121118664741516113e-01 -6.350608915090560913e-02 6.552413105964660645e-05
2.794983983039855957e-01 1.553983837366104126e-01 -2.745625376701354980e-01 -1.078691557049751282e-01 -3.382666707038879395e-01 2.844304442405700684e-01 -2.294548898935317993e-01 -4.463866353034973145e-03
2.887976765632629395e-01 1.576215624809265137e-01 -2.867065668106079102e-01 -9.953080862760543823e-02 -3.436237573623657227e-01 2.932341694831848145e-01 -2.282576858997344971e-01 -9.580597281455993652e-03
2.838707566261291504e-01 1.756327450275421143e-01 -2.741186916828155518e-01 -1.289750039577484131e-01 -3.294975757598876953e-01 2.864921987056732178e-01 -2.272095829248428345e-01 -2.405121922492980957e-02
2.403125464916229248e-01 1.374520957469940186e-01 -2.231723666191101074e-01 -8.351805061101913452e-02 -2.836616039276123047e-01 2.265671938657760620e-01 -2.157959789037704468e-01 -2.812960185110569000e-02
2.539133727550506592e-01 1.412106454372406006e-01 -2.583895921707153320e-01 -1.237259879708290100e-01 -3.253622651100158691e-01 2.783429324626922607e-01 -2.049485296010971069e-01 2.502491697669029236e-02
2.506225109100341797e-01 1.462012380361557007e-01 -2.306903004646301270e-01 -8.306562155485153198e-02 -2.850080132484436035e-01 2.323205173015594482e-01 -2.181740105152130127e-01 -3.314738720655441284e-02
2.853393256664276123e-01 1.728993952274322510e-01 -2.753856182098388672e-01 -1.196435168385505676e-01 -3.332468867301940918e-01 2.925400435924530029e-01 -2.300868630409240723e-01 -1.537998765707015991e-02
2.341877073049545288e-01 1.323361694812774658e-01 -2.295649796724319458e-01 -9.766299277544021606e-02 -2.948538064956665039e-01 2.569302022457122803e-01 -1.989903002977371216e-01 2.267577871680259705e-02
2.824891507625579834e-01 1.745053380727767944e-01 -2.765521407127380371e-01 -1.355648636817932129e-01 -3.352697491645812988e-01 2.913432121276855469e-01 -2.263775914907455444e-01 -2.073160186409950256e-02
2.171716839075088501e-01 1.010498777031898499e-01 -2.167915701866149902e-01 -7.166556268930435181e-02 -2.751852273941040039e-01 2.075732201337814331e-01 -1.859636008739471436e-01 6.126303225755691528e-03
2.982850670814514160e-01 1.572929918766021729e-01 -3.054921329021453857e-01 -1.184140220284461975e-01 -3.864376544952392578e-01 3.384319543838500977e-01 -2.433363497257232666e-01 3.871550038456916809e-02
2.951186895370483398e-01 1.383151561021804810e-01 -3.033616840839385986e-01 -8.047214895486831665e-02 -3.719426393508911133e-01 3.125569224357604980e-01 -2.353203594684600830e-01 2.387661859393119812e-02
2.852534055709838867e-01 1.343941092491149902e-01 -2.882305383682250977e-01 -7.597451657056808472e-02 -3.535608053207397461e-01 2.896328866481781006e-01 -2.315001785755157471e-01 1.284361258149147034e-02
1.918570250272750854e-01 1.014482378959655762e-01 -1.807851344347000122e-01 -5.499357730150222778e-02 -2.346147447824478149e-01 1.881939768791198730e-01 -1.749598830938339233e-01 -7.008656859397888184e-03
2.628688812255859375e-01 1.546158045530319214e-01 -2.653758525848388672e-01 -1.245455816388130188e-01 -3.198553919792175293e-01 2.839299738407135010e-01 -2.023068070411682129e-01 5.296178162097930908e-03
2.037666738033294678e-01 1.026215255260467529e-01 -1.958990693092346191e-01 -6.036483496427536011e-02 -2.563314139842987061e-01 2.072508037090301514e-01 -1.843716502189636230e-01 1.046652719378471375e-02
2.139925062656402588e-01 1.313071548938751221e-01 -1.991319358348846436e-01 -8.654170483350753784e-02 -2.453037947416305542e-01 2.074829041957855225e-01 -1.819677948951721191e-01 -2.231142297387123108e-02
2.874783277511596680e-01 1.417568922042846680e-01 -2.896188497543334961e-01 -8.946753293275833130e-02 -3.621467351913452148e-01 3.041089475154876709e-01 -2.370006442070007324e-01 2.454137429594993591e-02
3.013142943382263184e-01 1.499405056238174438e-01 -3.089478611946105957e-01 -1.018395647406578064e-01 -3.811786174774169922e-01 3.251118063926696777e-01 -2.399607896804809570e-01 2.868566289544105530e-02
2.619123458862304688e-01 1.152008250355720520e-01 -2.563700079917907715e-01 -4.791907221078872681e-02 -3.222730159759521484e-01 2.508739233016967773e-01 -2.266871929168701172e-01 8.201945573091506958e-03
3.284587264060974121e-01 1.790452748537063599e-01 -3.458850383758544922e-01 -1.400819420814514160e-01 -4.096449613571166992e-01 3.659656345844268799e-01 -2.398100048303604126e-01 1.642828062176704407e-02
1.777397543191909790e-01 9.937869757413864136e-02 -1.577567458152770996e-01 -4.504381865262985229e-02 -2.043513953685760498e-01 1.599932014942169189e-01 -1.677691340446472168e-01 -2.321967110037803650e-02
2.978590726852416992e-01 1.403978317975997925e-01 -3.129652142524719238e-01 -7.721210271120071411e-02 -3.846352696418762207e-01 3.369185924530029297e-01 -2.342384010553359985e-01 3.044912591576576233e-02
2.147451043128967285e-01 1.195907667279243469e-01 -2.041919976472854614e-01 -6.883130222558975220e-02 -2.680149078369140625e-01 2.364586740732192993e-01 -1.919175237417221069e-01 2.096839621663093567e-02
2.994803786277770996e-01 1.402130872011184692e-01 -3.151595890522003174e-01 -7.712476700544357300e-02 -3.827760815620422363e-01 3.318032622337341309e-01 -2.321511209011077881e-01 2.352542057633399963e-02
2.312659174203872681e-01 1.263703852891921997e-01 -2.263236343860626221e-01 -7.450056821107864380e-02 -2.840601205825805664e-01 2.508999109268188477e-01 -1.932216435670852661e-01 1.499282196164131165e-02
2.955005168914794922e-01 1.468669027090072632e-01 -3.029578030109405518e-01 -9.167578071355819702e-02 -3.781387209892272949e-01 3.295442461967468262e-01 -2.393268942832946777e-01 3.357220813632011414e-02
2.450984418392181396e-01 1.375005394220352173e-01 -2.457494139671325684e-01 -9.489297121763229370e-02 -3.145882487297058105e-01 2.881563901901245117e-01 -2.039647549390792847e-01 3.510132804512977600e-02
2.587672472000122070e-01 1.284405887126922607e-01 -2.725874185562133789e-01 -7.808823138475418091e-02 -3.366490602493286133e-01 3.060036003589630127e-01 -2.013302743434906006e-01 3.833219781517982483e-02
2.090376913547515869e-01 1.068784147500991821e-01 -2.247008234262466431e-01 -8.534350246191024780e-02 -2.892641425132751465e-01 2.615300714969635010e-01 -1.691732555627822876e-01 4.112080112099647522e-02
2.644184827804565430e-01 1.266033202409744263e-01 -2.618495821952819824e-01 -5.626901239156723022e-02 -3.361841142177581787e-01 2.852479219436645508e-01 -2.302512824535369873e-01 2.190287783741950989e-02
3.136203885078430176e-01 1.487144678831100464e-01 -3.327253460884094238e-01 -9.199532121419906616e-02 -3.996040821075439453e-01 3.476325273513793945e-01 -2.363296151161193848e-01 2.725129202008247375e-02
2.546535134315490723e-01 1.054839119315147400e-01 -2.550365924835205078e-01 -2.267747372388839722e-02 -3.182070255279541016e-01 2.547784745693206787e-01 -2.184147983789443970e-01 3.213983029127120972e-03
2.512295544147491455e-01 1.256111413240432739e-01 -2.600079178810119629e-01 -7.092479616403579712e-02 -3.125934302806854248e-01 2.763524353504180908e-01 -1.928866356611251831e-01 1.542698219418525696e-02
2.931194305419921875e-01 1.405259817838668823e-01 -2.984149754047393799e-01 -8.271986991167068481e-02 -3.684377670288085938e-01 3.110416233539581299e-01 -2.367137372493743896e-01 2.500712499022483826e-02
2.564776539802551270e-01 1.410855054855346680e-01 -2.600082457065582275e-01 -1.031897142529487610e-01 -3.288006782531738281e-01 2.984037995338439941e-01 -2.084314525127410889e-01 3.914034739136695862e-02
4.954494163393974304e-02 2.913188561797142029e-02 -4.999034106731414795e-02 -1.724988967180252075e-02 -5.816816911101341248e-02 3.909429162740707397e-02 -4.371127486228942871e-02 -3.845556825399398804e-02
1.846938431262969971e-01 1.090022623538970947e-01 -1.746594756841659546e-01 -7.336498051881790161e-02 -2.214348763227462769e-01 1.724843531847000122e-01 -1.670927405357360840e-01 -4.205366969108581543e-02
-2.963479161262512207e-01 -1.454302966594696045e-01 3.080324530601501465e-01 1.280677914619445801e-01 4.159026145935058594e-01 -3.439891040325164795e-01 2.632164955139160156e-01 -5.594597756862640381e-02
-2.556610703468322754e-01 -1.432629525661468506e-01 2.707881033420562744e-01 1.555008441209793091e-01 3.617773652076721191e-01 -3.107067346572875977e-01 2.170418649911880493e-01 -4.878355562686920166e-02
-2.221210151910781860e-01 -1.016991287469863892e-01 2.465128302574157715e-01 1.084723100066184998e-01 3.350607156753540039e-01 -2.809406816959381104e-01 1.913447529077529907e-01 -6.300211697816848755e-02
-5.527406930923461914e-02 -8.901962079107761383e-03 6.693042814731597900e-02 1.166246086359024048e-02 1.011637300252914429e-01 -8.428181707859039307e-02 5.198155343532562256e-02 -5.398609116673469543e-02
8.062692731618881226e-02 6.282455474138259888e-02 -7.628662884235382080e-02 -5.567175894975662231e-02 -8.331983536481857300e-02 7.268638163805007935e-02 -5.941613763570785522e-02 -3.488398343324661255e-02
-1.362740546464920044e-01 -8.350610733032226562e-02 1.235800087451934814e-01 7.054229080677032471e-02 1.701025217771530151e-01 -1.473170071840286255e-01 1.257171779870986938e-01 -3.109085559844970703e-02
-1.879530698060989380e-01 -8.775374293327331543e-02 1.990661919116973877e-01 8.015054464340209961e-02 2.702099084854125977e-01 -2.271456122398376465e-01 1.646343618631362915e-01 -5.338982120156288147e-02
9.729915112257003784e-02 4.177213087677955627e-02 -9.323060512542724609e-02 -1.318915933370590210e-02 -1.277518272399902344e-01 7.998802512884140015e-02 -1.033808290958404541e-01 -3.787828981876373291e-02
-2.721756696701049805e-01 -1.378983557224273682e-01 2.927539646625518799e-01 1.438440680503845215e-01 3.951820135116577148e-01 -3.318133950233459473e-01 2.357331365346908569e-01 -5.758285522460937500e-02
-2.281974703073501587e-01 -1.106894090771675110e-01 2.565141320228576660e-01 1.244502216577529907e-01 3.420842289924621582e-01 -2.946212887763977051e-01 1.876781135797500610e-01 -6.456601619720458984e-02
-2.631731629371643066e-01 -1.418129801750183105e-01 2.749779820442199707e-01 1.328191161155700684e-01 3.584111332893371582e-01 -3.113312721252441406e-01 2.180613726377487183e-01 -4.921175166964530945e-02
-1.645718067884445190e-01 -6.334769725799560547e-02 1.830469369888305664e-01 6.234048306941986084e-02 2.563522458076477051e-01 -2.090992182493209839e-01 1.490896493196487427e-01 -6.080546975135803223e-02
6.757868826389312744e-02 5.087250471115112305e-02 -4.548945277929306030e-02 -1.767992228269577026e-02 -5.528119951486587524e-02 3.177008777856826782e-02 -7.205712050199508667e-02 -5.521840974688529968e-02
3.468664735555648804e-02 3.655469790101051331e-02 -2.186869829893112183e-02 -2.033855766057968140e-02 -1.563917100429534912e-02 9.885745123028755188e-03 -2.834483981132507324e-02 -4.755876585841178894e-02
-1.845213323831558228e-01 -1.170668005943298340e-01 1.908623129129409790e-01 1.300616711378097534e-01 2.484795898199081421e-01 -2.265963554382324219e-01 1.479319781064987183e-01 -4.043631255626678467e-02
-2.533364295959472656e-01 -1.305391490459442139e-01 2.616460323333740234e-01 1.221321076154708862e-01 3.544416427612304688e-01 -2.963290512561798096e-01 2.247410863637924194e-01 -5.062826722860336304e-02
-5.871434509754180908e-02 -4.933616891503334045e-02 4.742737114429473877e-02 4.983931779861450195e-02 6.285698711872100830e-02 -6.837352365255355835e-02 4.767327010631561279e-02 -2.862843871116638184e-02
-1.844150274991989136e-01 -7.720024138689041138e-02 1.997563242912292480e-01 7.241968065500259399e-02 2.783167362213134766e-01 -2.274426966905593872e-01 1.676252037286758423e-01 -5.886443704366683960e-02
-1.135478168725967407e-01 -4.670834913849830627e-02 1.289209276437759399e-01 5.404901504516601562e-02 1.790549606084823608e-01 -1.527651399374008179e-01 9.758974611759185791e-02 -5.369818210601806641e-02
1.604484915733337402e-01 8.214076608419418335e-02 -1.528719067573547363e-01 -4.729587584733963013e-02 -2.020081877708435059e-01 1.445946991443634033e-01 -1.553178727626800537e-01 -3.647308796644210815e-02
2.181002050638198853e-01 1.202853918075561523e-01 -2.242358624935150146e-01 -1.059479340910911560e-01 -2.813246250152587891e-01 2.256492823362350464e-01 -1.812953501939773560e-01 -1.593205705285072327e-02
2.029593288898468018e-01 1.091129183769226074e-01 -1.890199631452560425e-01 -6.926668435335159302e-02 -2.402781993150711060e-01 1.803802251815795898e-01 -1.823829263448715210e-01 -2.159734815359115601e-02
1.281411051750183105e-01 6.264616549015045166e-02 -1.210673898458480835e-01 -3.580222278833389282e-02 -1.509704142808914185e-01 1.086263582110404968e-01 -1.125665381550788879e-01 -1.295667141675949097e-02
1.195631101727485657e-01 3.425016626715660095e-02 -1.312246769666671753e-01 -2.230051904916763306e-02 -1.698029488325119019e-01 1.139579787850379944e-01 -1.037644892930984497e-01 8.460890501737594604e-03
-1.829797029495239258e-02 -7.065472006797790527e-02 -2.802276983857154846e-02 5.325713753700256348e-02 -4.999762028455734253e-02 1.581669785082340240e-02 1.337458193302154541e-02 2.863593772053718567e-02
9.445847570896148682e-02 3.633259236812591553e-02 -1.026948839426040649e-01 -2.931394428014755249e-02 -1.362878978252410889e-01 9.331337362527847290e-02 -8.749779313802719116e-02 -1.156289502978324890e-02
-1.255043894052505493e-01 -9.029594808816909790e-02 1.106569916009902954e-01 7.691461592912673950e-02 1.454352289438247681e-01 -1.349317133426666260e-01 1.105996817350387573e-01 -1.216378808021545410e-02
2.035160511732101440e-01 1.031567305326461792e-01 -2.128479927778244019e-01 -9.183873981237411499e-02 -2.674028873443603516e-01 2.160262316465377808e-01 -1.648641824722290039e-01 1.026416942477226257e-02
-2.885023951530456543e-01 -1.782108843326568604e-01 2.928700447082519531e-01 1.805578172206878662e-01 3.793044686317443848e-01 -3.342585861682891846e-01 2.380351871252059937e-01 -3.571858629584312439e-02
-3.121938705444335938e-01 -1.862495392560958862e-01 3.126735389232635498e-01 1.800530850887298584e-01 4.125160574913024902e-01 -3.543856143951416016e-01 2.685667276382446289e-01 -3.688019514083862305e-02
-3.633649349212646484e-01 -2.095322459936141968e-01 3.556876778602600098e-01 1.772186309099197388e-01 4.671378731727600098e-01 -3.972529172897338867e-01 3.168038725852966309e-01 -3.715824335813522339e-02
-2.887639403343200684e-01 -1.702088862657546997e-01 2.825231254100799561e-01 1.530882269144058228e-01 3.749130964279174805e-01 -3.196603655815124512e-01 2.535245418548583984e-01 -3.484052419662475586e-02
-3.158085346221923828e-01 -1.947144120931625366e-01 3.138863146305084229e-01 1.851718425750732422e-01 4.062646627426147461e-01 -3.561202287673950195e-01 2.643322944641113281e-01 -3.362520039081573486e-02
-3.425794243812561035e-01 -1.787685155868530273e-01 3.520298898220062256e-01 1.624786108732223511e-01 4.729329943656921387e-01 -3.926182091236114502e-01 3.034151792526245117e-01 -5.155443772673606873e-02
-1.887446492910385132e-01 -1.068574413657188416e-01 1.864430159330368042e-01 9.202267229557037354e-02 2.478678673505783081e-01 -2.136248499155044556e-01 1.651209443807601929e-01 -3.121254034340381622e-02
-3.359524011611938477e-01 -1.714885979890823364e-01 3.421250879764556885e-01 1.436773389577865601e-01 4.575236439704895020e-01 -3.801737427711486816e-01 2.972965240478515625e-01 -5.253265425562858582e-02
-3.159484267234802246e-01 -2.051933705806732178e-01 2.828866243362426758e-01 1.518996357917785645e-01 3.614227175712585449e-01 -3.181970417499542236e-01 2.746301293373107910e-01 -1.374667882919311523e-02
-3.465366959571838379e-01 -2.296880185604095459e-01 3.166914582252502441e-01 1.859171837568283081e-01 4.033033251762390137e-01 -3.619914054870605469e-01 2.944586277008056641e-01 -2.338182926177978516e-02
-3.512346148490905762e-01 -2.003688216209411621e-01 3.404782712459564209e-01 1.609322130680084229e-01 4.471492171287536621e-01 -3.804041147232055664e-01 3.076933026313781738e-01 -3.857223689556121826e-02
-2.524171471595764160e-01 -1.521109193563461304e-01 2.578263580799102783e-01 1.493446826934814453e-01 3.311842679977416992e-01 -2.975066006183624268e-01 2.037202566862106323e-01 -4.359288513660430908e-02
-2.261285632848739624e-01 -1.788339763879776001e-01 1.870231032371520996e-01 1.449484229087829590e-01 2.306854873895645142e-01 -2.204350084066390991e-01 1.906752139329910278e-01 4.907634109258651733e-03
-2.547377943992614746e-01 -1.657007485628128052e-01 2.509106695652008057e-01 1.569506525993347168e-01 3.167316913604736328e-01 -2.933886349201202393e-01 2.023753672838211060e-01 -3.894293680787086487e-02
-3.232657313346862793e-01 -2.186569869518280029e-01 2.829065620899200439e-01 1.611344814300537109e-01 3.577363491058349609e-01 -3.213368952274322510e-01 2.784215807914733887e-01 -1.293479651212692261e-02
-2.197879999876022339e-01 -1.907501369714736938e-01 1.617404669523239136e-01 1.436381489038467407e-01 1.922506242990493774e-01 -1.926988065242767334e-01 1.856659799814224243e-01 1.480193808674812317e-02
-3.425626158714294434e-01 -1.922013014554977417e-01 3.342541754245758057e-01 1.530766934156417847e-01 4.389814138412475586e-01 -3.728499710559844971e-01 2.996915578842163086e-01 -3.938326984643936157e-02
-4.529537260532379150e-02 -6.194565817713737488e-02 3.086204081773757935e-02 6.618075072765350342e-02 3.317068517208099365e-02 -5.378315970301628113e-02 3.057560324668884277e-02 -3.387592732906341553e-04
-3.350242972373962402e-01 -2.566430568695068359e-01 2.711250185966491699e-01 1.937413811683654785e-01 3.369445800781250000e-01 -3.118423223495483398e-01 2.899851799011230469e-01 1.001914218068122864e-02
-3.567075133323669434e-01 -2.898124456405639648e-01 2.906853556632995605e-01 2.323817908763885498e-01 3.474776148796081543e-01 -3.412753641605377197e-01 2.908578515052795410e-01 1.114712283015251160e-02
-3.468897938728332520e-01 -2.714710235595703125e-01 2.941762208938598633e-01 2.260958552360534668e-01 3.574705719947814941e-01 -3.442760705947875977e-01 2.831565141677856445e-01 1.432474702596664429e-03
-2.780553102493286133e-01 -1.666549444198608398e-01 2.868181467056274414e-01 1.682953238487243652e-01 3.692062497138977051e-01 -3.272241055965423584e-01 2.254104763269424438e-01 -4.105434566736221313e-02
-3.272396922111511230e-01 -2.122705876827239990e-01 3.141930997371673584e-01 1.917568892240524292e-01 4.007180929183959961e-01 -3.573485910892486572e-01 2.721387147903442383e-01 -2.608963474631309509e-02
-3.788645863533020020e-01 -2.356904596090316772e-01 3.596302270889282227e-01 2.019791901111602783e-01 4.692654609680175781e-01 -4.031585752964019775e-01 3.305798172950744629e-01 -2.383746206760406494e-02
-3.146908879280090332e-01 -1.862459927797317505e-01 3.121424019336700439e-01 1.679885834455490112e-01 4.064378738403320312e-01 -3.536257445812225342e-01 2.668514251708984375e-01 -3.961370885372161865e-02
-3.751913905143737793e-01 -2.902014255523681641e-01 3.162247240543365479e-01 2.381317317485809326e-01 3.888361454010009766e-01 -3.668646812438964844e-01 3.133805990219116211e-01 6.765875965356826782e-03
-3.229557275772094727e-01 -2.709292173385620117e-01 2.553449571132659912e-01 2.162780612707138062e-01 3.036172389984130859e-01 -3.023847937583923340e-01 2.644664049148559570e-01 1.381913200020790100e-02
-3.092616796493530273e-01 -2.556263506412506104e-01 2.603404521942138672e-01 2.218298614025115967e-01 3.084552288055419922e-01 -3.102503120899200439e-01 2.425924688577651978e-01 1.367177814245223999e-03
-4.099324345588684082e-01 -2.759238481521606445e-01 3.549499213695526123e-01 2.006540745496749878e-01 4.556133747100830078e-01 -4.000504612922668457e-01 3.633334636688232422e-01 -7.140230387449264526e-03
-2.718141078948974609e-01 -1.688655912876129150e-01 2.772516906261444092e-01 1.717274487018585205e-01 3.562843203544616699e-01 -3.192582726478576660e-01 2.198060005903244019e-01 -3.959269821643829346e-02
-3.655713796615600586e-01 -2.961225807666778564e-01 2.831737995147705078e-01 2.118753492832183838e-01 3.372327685356140137e-01 -3.306964337825775146e-01 3.058120608329772949e-01 1.679420098662376404e-02
-1.964531391859054565e-01 -1.971599310636520386e-01 1.278918236494064331e-01 1.518798470497131348e-01 1.398051530122756958e-01 -1.623166948556900024e-01 1.575662344694137573e-01 1.851201429963111877e-02
-3.221028447151184082e-01 -2.553453743457794189e-01 2.577955722808837891e-01 1.882470548152923584e-01 3.080708980560302734e-01 -3.027536869049072266e-01 2.652962207794189453e-01 3.265589475631713867e-03
-2.875214219093322754e-01 -2.361621856689453125e-01 2.254607379436492920e-01 1.799333095550537109e-01 2.693607807159423828e-01 -2.670415639877319336e-01 2.377875894308090210e-01 6.553974002599716187e-03
-3.041809797286987305e-01 -2.608135938644409180e-01 2.355614602565765381e-01 2.032244801521301270e-01 2.742830514907836914e-01 -2.815139293670654297e-01 2.447497397661209106e-01 1.266832277178764343e-02
-2.436888366937637329e-01 -2.265870124101638794e-01 1.753532141447067261e-01 1.791060715913772583e-01 1.997077018022537231e-01 -2.143966108560562134e-01 1.963367313146591187e-01 1.844671741127967834e-02
-3.054150938987731934e-01 -2.609039247035980225e-01 2.218480408191680908e-01 1.809155642986297607e-01 2.595679163932800293e-01 -2.629449069499969482e-01 2.565787434577941895e-01 1.990582421422004700e-02
-1.925616711378097534e-01 -1.923459768295288086e-01 1.204537749290466309e-01 1.413885653018951416e-01 1.329281479120254517e-01 -1.498336791992187500e-01 1.602853387594223022e-01 2.581339702010154724e-02
-2.850355505943298340e-01 -2.457324862480163574e-01 2.166295349597930908e-01 1.852294355630874634e-01 2.501394748687744141e-01 -2.603608071804046631e-01 2.289711683988571167e-01 1.015484705567359924e-02
-3.086633682250976562e-01 -2.523452341556549072e-01 2.486278116703033447e-01 1.984659433364868164e-01 2.952308654785156250e-01 -2.946330308914184570e-01 2.499774247407913208e-01 4.519861191511154175e-03
-2.572440505027770996e-01 -2.193975150585174561e-01 2.044945061206817627e-01 1.739389598369598389e-01 2.344576269388198853e-01 -2.480428069829940796e-01 1.986148804426193237e-01 -1.534380018711090088e-03
-3.060691356658935547e-01 -2.498286068439483643e-01 2.333710491657257080e-01 1.795963346958160400e-01 2.806947827339172363e-01 -2.735123336315155029e-01 2.599855661392211914e-01 1.357908919453620911e-02
-3.567075133323669434e-01 -2.898124456405639648e-01 2.906853854656219482e-01 2.323817908763885498e-01 3.474776744842529297e-01 -3.412753939628601074e-01 2.908578515052795410e-01 1.114712283015251160e-02
-3.441938161849975586e-01 -2.873605489730834961e-01 2.630268633365631104e-01 2.129557132720947266e-01 3.126080036163330078e-01 -3.092637360095977783e-01 2.879237532615661621e-01 2.029672637581825256e-02
